i	3
c	0
NodeId:0	0.843312451904,0.675092170329,1,15,66,96
NodeId:1	0.238580813111,0.159807692308,37,72
NodeId:10	1.27738489613,1.86482108735,4,6,38,67,78,80
NodeId:11	0.602674456944,0.806494897958,6,28,40,49,51,67,89
NodeId:12	0.578320608218,0.61375206044,24,28,50,55,67,85,98
NodeId:13	0.845055147843,0.844322668652,25,32,33,35,76
NodeId:14	1.2122079418,1.20149047619,36,39,44,62,98
NodeId:15	0.306739915675,0.314333333334,47,70,79,95,97
NodeId:16	1.81706407795,1.21706446887,45,52,67,80
NodeId:17	0.226401339286,0.182959183673,18,39,41,53,63,72,79,99
NodeId:18	0.81537799368,0.662259271978,52,61,62,87
NodeId:19	1.44688703273,1.40816226616,27,33,37,45,92
NodeId:2	0.702201243975,0.776245710142,31,63
NodeId:20	1.30674122257,1.44385755876,7,94
NodeId:21	0.984931051586,1.07581696429
NodeId:22	2.68339644769,2.79718826313,25,65,72,83,97
NodeId:23	0.391734919262,0.329276720303,92,99
NodeId:24	0.513668768602,0.456981547619,9,10,18,38,55,93,94
NodeId:25	1.77711911383,1.63013992184,63
NodeId:26	0.769056858403,0.737599603175,15,23,28,64
NodeId:27	1.78996550406,1.81175038919,32,68,70,92
NodeId:28	1.29556289238,1.09889742772,21,25,72
NodeId:29	1.24991183269,1.21722854663,18,23,31,36,86
NodeId:3	0.350218484823,0.473338988096,30,42,45,86
NodeId:30	1.44199082655,1.61843981936,80,84,95
NodeId:31	0.469279340168,0.958280853173,29,36,46,49,54,62,70,85
NodeId:32	1.67202568024,2.14555992282,2,3,6,27,47,69,71,91
NodeId:33	1.42325872703,1.0715658801,2,56,58,86
NodeId:34	1.2174317866,1.55171758079,0,7,77,78
NodeId:35	0.220537815791,0.199052083333,12,18,62,64,65,66,83,91
NodeId:36	1.04079040539,0.947751354003,12,20,30,34,61,75,77,99
NodeId:37	1.23870339029,1.26906674107,40,59,71,97
NodeId:38	0.537165628761,0.35380540293,30,41,98
NodeId:39	1.33622104707,0.906286174887,31,43,68,71,92
NodeId:4	1.60012120226,1.72376331491,24,42,46,86
NodeId:40	0.730193100171,0.549324769972,7,71,72,73
NodeId:41	1.52624484805,1.3879122449,44,45,49,66
NodeId:42	0.15,0.15,36,45,70,89,99
NodeId:43	0.645034948006,0.493495612027,4,21,24,56,67,68,80,86,90
NodeId:44	1.78912656906,1.36646692504,17,37,38
NodeId:45	1.68275043441,1.29984839744,18,53,58,83,86,90
NodeId:46	0.809337998283,0.822670371642,78
NodeId:47	0.313796507317,0.432302455357,5,14,52,70,73
NodeId:48	0.586494330613,0.76195439942,18,39,61,79,89
NodeId:49	0.15,0.15,2,29,31,39,84
NodeId:5	1.43203555139,1.2363356993,2,9,24,50,61,81,98
NodeId:50	0.298635560706,0.291666666667,0,20,46,68
NodeId:51	1.75354056409,1.62347110806,38,45,61,71
NodeId:52	0.408626199635,0.29928125,27,31,64,91
NodeId:53	0.857670450464,0.960127579365,2,13,65,78,95
NodeId:54	0.614065778005,0.625215194652,12,69,77
NodeId:55	0.812424969192,0.996680729985,10,19,22,25,51,58,62
NodeId:56	0.473176501768,0.612827464896,29,36,80,96,98
NodeId:57	0.308663834453,0.286494832548,86,94,96,98
NodeId:58	1.41761214042,1.10053134812,16,38,71,73,78
NodeId:59	0.410546528923,0.322618905896,10,24,69,92
NodeId:6	1.43837175566,1.3983199263,15,22,58,80
NodeId:60	0.461674712869,0.287416666667,14,49,53,56,65
NodeId:61	0.886542764893,0.600103994963,6,9,18,20,99
NodeId:62	0.300681531756,0.277234375,11,22,33,91
NodeId:63	0.85112227161,0.880188127127,3,64,65,72
NodeId:64	2.48467164284,2.35886054149,3,27,28,31,33,39,78
NodeId:65	1.06933604065,1.48509196429,27,88
NodeId:66	1.45772096049,1.06363103633,8,19,72,81,83,98
NodeId:67	0.959876743078,0.945403336495,2,26,30,31,32,45
NodeId:68	1.01522776147,0.931005803572,1,6,19,28,40,81,85
NodeId:69	0.196607918914,0.231829365079,12,22,42,46,55,72,88
NodeId:7	1.38755700025,1.51804802514,12,21,38,57,93
NodeId:70	1.26536793379,1.00924627976,20,63,99
NodeId:71	1.31451935928,1.47678257212,15,16,45,84,97
NodeId:72	0.915055001376,0.862267113095,10,49,51,92,93,95
NodeId:73	1.54324648685,1.90304690171,41,50,51,84,92
NodeId:74	0.568708213259,0.458792857143,35,54,84
NodeId:75	0.961085152277,0.663885325092,29,34,37,51,54,65,85,91
NodeId:76	0.29353485367,0.2044,9
NodeId:77	0.545199662294,1.35476537699,0,5,32,37,40,41,44,69,79,83,85,86,87
NodeId:78	1.55877096934,0.970013888888,13,19,34,82
NodeId:79	1.29892457014,1.77407823129,0,26,43,74,90
NodeId:8	0.606199831382,1.00492440858,13,41,59,87
NodeId:80	0.455772985627,0.388731036324,31,79
NodeId:81	2.19751397387,1.39284070295,5,21,26,78,93,96
NodeId:82	0.506254429161,0.65335548306,2,23,24,32,52,53
NodeId:83	0.864294480812,1.16066517857,1,4,10,18,27,29,70
NodeId:84	0.919397291334,0.916338892705,9,21
NodeId:85	1.55348831426,1.30664334255,32,54,57,64,69,90,99
NodeId:86	0.383645664813,0.391479673601,11,60,71,95
NodeId:87	1.78601144753,1.45968867903,8,19,20,27,30,47,54,63
NodeId:88	0.48478687887,1.04919219322,21,26,44,50,55,82
NodeId:89	0.781164084823,0.6291875,16,32,35,38,40,57,58
NodeId:9	1.02772141727,1.53922425432,33,39,41,43,51,69,80
NodeId:90	0.734628847635,1.52629833857,1,26,52,93,96
NodeId:91	1.02864652203,0.985751148505,12,24,66,81,95
NodeId:92	1.19049463022,1.35184181548,22,34,39,57
NodeId:93	1.84998565128,1.9237330428,15,43,66,75
NodeId:94	1.00848456301,1.11822902494,4,17,20,90
NodeId:95	0.854969067951,0.513071428571,76,88
NodeId:96	1.25847659389,1.61283728632,12,13,24,31,60,74
NodeId:97	0.454489703927,0.627275,37,50,62,89
NodeId:98	0.995443551373,1.20917018468,5,13,15,28,49,66,92,94
NodeId:99	0.894648779063,0.976418486177,1,83
