i	27
NodeId:0	0.671995338856,0.67207502775,1,15,66,96
NodeId:1	0.192950223073,0.192955743696,37,72
NodeId:10	1.09453801286,1.09466336494,4,6,38,67,78,80
NodeId:11	0.567805037246,0.567859815957,6,28,40,49,51,67,89
NodeId:12	0.507302377827,0.507344584325,24,28,50,55,67,85,98
NodeId:13	0.810416005536,0.810507954677,25,32,33,35,76
NodeId:14	1.10940105834,1.10953210844,36,39,44,62,98
NodeId:15	0.303386324725,0.303402566176,47,70,79,95,97
NodeId:16	1.68354129995,1.68376848513,45,52,67,80
NodeId:17	0.223656031942,0.223664479833,18,39,41,53,63,72,79,99
NodeId:18	0.847268307629,0.847371863619,52,61,62,87
NodeId:19	1.57408044686,1.5742898747,27,33,37,45,92
NodeId:2	0.750940129992,0.751030231368,31,63
NodeId:20	1.36006739183,1.36023961491,7,94
NodeId:21	1.00896136743,1.00909491779
NodeId:22	2.55253676691,2.55275430943,25,65,72,83,97
NodeId:23	0.358149257407,0.358174991111,92,99
NodeId:24	0.494816166416,0.494860388534,9,10,18,38,55,93,94
NodeId:25	1.65514531687,1.65536260869,63
NodeId:26	0.721754584898,0.721817998706,15,23,28,64
NodeId:27	1.67478205907,1.67501034979,32,68,70,92
NodeId:28	1.0958534194,1.09599512244,21,25,72
NodeId:29	1.12592133107,1.1260578923,18,23,31,36,86
NodeId:3	0.362507424636,0.362533613984,30,42,45,86
NodeId:30	1.48033627776,1.48053579852,80,84,95
NodeId:31	0.572517835488,0.572576242571,29,36,46,49,54,62,70,85
NodeId:32	1.64214451647,1.64236745204,2,3,6,27,47,69,71,91
NodeId:33	1.41452783154,1.41471379313,2,56,58,86
NodeId:34	1.23878202735,1.23895482204,0,7,77,78
NodeId:35	0.240152407921,0.240166254673,12,18,62,64,65,66,83,91
NodeId:36	1.00538419606,1.00549391873,12,20,30,34,61,75,77,99
NodeId:37	1.22462427578,1.22477646795,40,59,71,97
NodeId:38	0.593262915116,0.5933341784,30,41,98
NodeId:39	1.18082841995,1.18097612264,31,43,68,71,92
NodeId:4	1.36109269506,1.36126555562,24,42,46,86
NodeId:40	0.606408257924,0.606472614122,7,71,72,73
NodeId:41	1.28997152649,1.29011972766,44,45,49,66
NodeId:42	0.15,0.15,36,45,70,89,99
NodeId:43	0.540724081524,0.54077592593,4,21,24,56,67,68,80,86,90
NodeId:44	1.56424866555,1.56445734747,17,37,38
NodeId:45	1.60949723048,1.60970475126,18,53,58,83,86,90
NodeId:46	0.756814967252,0.756903015007,78
NodeId:47	0.259138248188,0.259148038621,5,14,52,70,73
NodeId:48	0.556971321428,0.557031281055,18,39,61,79,89
NodeId:49	0.15,0.15,2,29,31,39,84
NodeId:5	1.34630202106,1.34646539858,2,9,24,50,61,81,98
NodeId:50	0.227294612192,0.227303634895,0,20,46,68
NodeId:51	1.48539277116,1.48556749089,38,45,61,71
NodeId:52	0.507800803091,0.507858990051,27,31,64,91
NodeId:53	0.760968986366,0.761047159088,2,13,65,78,95
NodeId:54	0.630377406761,0.630446499147,12,69,77
NodeId:55	0.785987934612,0.786067659814,10,19,22,25,51,58,62
NodeId:56	0.56967515426,0.569735392438,29,36,80,96,98
NodeId:57	0.317735323577,0.317760421104,86,94,96,98
NodeId:58	1.3181533299,1.31832624711,16,38,71,73,78
NodeId:59	0.451697538371,0.451741419685,10,24,69,92
NodeId:6	1.19934285944,1.19949154571,15,22,58,80
NodeId:60	0.399821326465,0.399854066624,14,49,53,56,65
NodeId:61	0.916082711526,0.91619194612,6,9,18,20,99
NodeId:62	0.270212982338,0.270227041069,11,22,33,91
NodeId:63	0.762761312327,0.762842177671,3,64,65,72
NodeId:64	2.59234312277,2.59272187294,3,27,28,31,33,39,78
NodeId:65	1.07405523103,1.07416791641,27,88
NodeId:66	1.34682772784,1.34698502924,8,19,72,81,83,98
NodeId:67	1.03064104432,1.03076784215,2,26,30,31,32,45
NodeId:68	0.910084972627,0.910197420272,1,6,19,28,40,81,85
NodeId:69	0.201073281893,0.201079183393,12,22,42,46,55,72,88
NodeId:7	1.18929675431,1.18944902419,12,21,38,57,93
NodeId:70	1.21291696617,1.21308013799,20,63,99
NodeId:71	1.24400104818,1.24414378814,15,16,45,84,97
NodeId:72	0.904464850862,0.90457572119,10,49,51,92,93,95
NodeId:73	1.53978233926,1.53995270117,41,50,51,84,92
NodeId:74	0.499495884028,0.499540570533,35,54,84
NodeId:75	0.848385123507,0.848493251024,29,34,37,51,54,65,85,91
NodeId:76	0.287786352295,0.287805192271,9
NodeId:77	0.656815712861,0.656885764644,0,5,32,37,40,41,44,69,79,83,85,86,87
NodeId:78	1.45666828862,1.456876812,13,19,34,82
NodeId:79	1.23757609294,1.23773774563,0,26,43,74,90
NodeId:8	0.584740222724,0.584790581933,13,41,59,87
NodeId:80	0.521714222541,0.521769163857,31,79
NodeId:81	2.0756133832,2.07590109423,5,21,26,78,93,96
NodeId:82	0.623085692377,0.623163010209,2,23,24,32,52,53
NodeId:83	0.808705458322,0.808793879912,1,4,10,18,27,29,70
NodeId:84	0.880477626663,0.880564927786,9,21
NodeId:85	1.38117823932,1.38134972357,32,54,57,64,69,90,99
NodeId:86	0.344708759091,0.344734303548,11,60,71,95
NodeId:87	1.70228746683,1.7025067614,8,19,20,27,30,47,54,63
NodeId:88	0.545556185826,0.545609027236,21,26,44,50,55,82
NodeId:89	0.606521364474,0.606579086585,16,32,35,38,40,57,58
NodeId:9	0.956929483275,0.957025229371,33,39,41,43,51,69,80
NodeId:90	0.837032578764,0.837113262125,1,26,52,93,96
NodeId:91	1.01677040802,1.01689892388,12,24,66,81,95
NodeId:92	1.13548930476,1.13562944173,22,34,39,57
NodeId:93	1.79334308086,1.7935810724,15,43,66,75
NodeId:94	0.963289191085,0.963404126925,4,17,20,90
NodeId:95	0.772119199463,0.772209893577,76,88
NodeId:96	1.24618977299,1.24634320208,12,13,24,31,60,74
NodeId:97	0.413082880234,0.413115454694,37,50,62,89
NodeId:98	1.01234458259,1.01245247273,5,13,15,28,49,66,92,94
NodeId:99	0.9189279417,0.91903051056,1,83
