i	6
NodeId:0	0.685598224968,0.685148749353,1,15,66,96
NodeId:1	0.193705589867,0.194941929538,37,72
NodeId:10	1.12777286418,1.13600089421,4,6,38,67,78,80
NodeId:11	0.583333769054,0.585997775777,6,28,40,49,51,67,89
NodeId:12	0.514969487335,0.513158345953,24,28,50,55,67,85,98
NodeId:13	0.832370173705,0.831096339481,25,32,33,35,76
NodeId:14	1.14637423871,1.11473982268,36,39,44,62,98
NodeId:15	0.308356774064,0.309340313888,47,70,79,95,97
NodeId:16	1.7341318297,1.78005049428,45,52,67,80
NodeId:17	0.226801443081,0.223399663526,18,39,41,53,63,72,79,99
NodeId:18	0.873475601239,0.87891115925,52,61,62,87
NodeId:19	1.63025341839,1.63944097936,27,33,37,45,92
NodeId:2	0.770687917961,0.791484933832,31,63
NodeId:20	1.39656394162,1.38322491997,7,94
NodeId:21	1.02659020185,1.00823123474
NodeId:22	2.60763745204,2.59668515057,25,65,72,83,97
NodeId:23	0.365950121866,0.368984364724,92,99
NodeId:24	0.50640210386,0.503547593457,9,10,18,38,55,93,94
NodeId:25	1.70378298134,1.70715066211,63
NodeId:26	0.732722853309,0.745208348535,15,23,28,64
NodeId:27	1.73089232536,1.75295337353,32,68,70,92
NodeId:28	1.12473094323,1.13419994024,21,25,72
NodeId:29	1.16557112357,1.16497252821,18,23,31,36,86
NodeId:3	0.367994177057,0.369032095426,30,42,45,86
NodeId:30	1.535496209,1.54034293199,80,84,95
NodeId:31	0.588188092422,0.609575305833,29,36,46,49,54,62,70,85
NodeId:32	1.71074667985,1.69587340387,2,3,6,27,47,69,71,91
NodeId:33	1.46278088694,1.43810341478,2,56,58,86
NodeId:34	1.28517757745,1.27264118724,0,7,77,78
NodeId:35	0.244042170509,0.242918080267,12,18,62,64,65,66,83,91
NodeId:36	1.02349530845,1.0329053651,12,20,30,34,61,75,77,99
NodeId:37	1.27113494514,1.27576005994,40,59,71,97
NodeId:38	0.614805483969,0.626550091636,30,41,98
NodeId:39	1.2167418335,1.22298796685,31,43,68,71,92
NodeId:4	1.40026420119,1.39983368008,24,42,46,86
NodeId:40	0.617774686314,0.613965282355,7,71,72,73
NodeId:41	1.33147902732,1.35026486421,44,45,49,66
NodeId:42	0.15,0.15,36,45,70,89,99
NodeId:43	0.550845277678,0.554872708698,4,21,24,56,67,68,80,86,90
NodeId:44	1.60555152481,1.64048994342,17,37,38
NodeId:45	1.68228585758,1.68984811255,18,53,58,83,86,90
NodeId:46	0.776630923891,0.785638672672,78
NodeId:47	0.263888551878,0.257123096544,5,14,52,70,73
NodeId:48	0.569660867007,0.56405663642,18,39,61,79,89
NodeId:49	0.15,0.15,2,29,31,39,84
NodeId:5	1.39328445872,1.38149110147,2,9,24,50,61,81,98
NodeId:50	0.228562391508,0.231158473568,0,20,46,68
NodeId:51	1.52851508349,1.57530407895,38,45,61,71
NodeId:52	0.528260730035,0.537106228277,27,31,64,91
NodeId:53	0.778184384461,0.79578319542,2,13,65,78,95
NodeId:54	0.653620609735,0.653055708897,12,69,77
NodeId:55	0.801813858126,0.822393667305,10,19,22,25,51,58,62
NodeId:56	0.576973632673,0.579129450279,29,36,80,96,98
NodeId:57	0.325721869962,0.320504759356,86,94,96,98
NodeId:58	1.35236863176,1.33376538989,16,38,71,73,78
NodeId:59	0.46619659236,0.469280709891,10,24,69,92
NodeId:6	1.23779871917,1.23019544748,15,22,58,80
NodeId:60	0.409185680466,0.405717719538,14,49,53,56,65
NodeId:61	0.949019424051,0.95951003014,6,9,18,20,99
NodeId:62	0.27169967422,0.273612829535,11,22,33,91
NodeId:63	0.783162893619,0.796081348023,3,64,65,72
NodeId:64	2.66991340349,2.72290279993,3,27,28,31,33,39,78
NodeId:65	1.11074383859,1.09154399278,27,88
NodeId:66	1.38388814112,1.39649369869,8,19,72,81,83,98
NodeId:67	1.06363011721,1.07950355632,2,26,30,31,32,45
NodeId:68	0.940465181886,0.931570640854,1,6,19,28,40,81,85
NodeId:69	0.20240464471,0.205563650211,12,22,42,46,55,72,88
NodeId:7	1.22413919017,1.21393901431,12,21,38,57,93
NodeId:70	1.24084080536,1.22156362985,20,63,99
NodeId:71	1.28328811904,1.30841379327,15,16,45,84,97
NodeId:72	0.929589791714,0.931225289487,10,49,51,92,93,95
NodeId:73	1.57071598525,1.58786008354,41,50,51,84,92
NodeId:74	0.507868401136,0.507897816903,35,54,84
NodeId:75	0.867912794937,0.885102781261,29,34,37,51,54,65,85,91
NodeId:76	0.291286377712,0.287896438425,9
NodeId:77	0.660775376135,0.668438433256,0,5,32,37,40,41,44,69,79,83,85,86,87
NodeId:78	1.49361993263,1.52064422702,13,19,34,82
NodeId:79	1.28371421213,1.27082821792,0,26,43,74,90
NodeId:8	0.596199423726,0.603232128286,13,41,59,87
NodeId:80	0.5347230718,0.541835618958,31,79
NodeId:81	2.14627972746,2.15525404744,5,21,26,78,93,96
NodeId:82	0.640889389135,0.643247529252,2,23,24,32,52,53
NodeId:83	0.836008091621,0.838566625245,1,4,10,18,27,29,70
NodeId:84	0.90034726077,0.924922136365,9,21
NodeId:85	1.42608810626,1.44712128204,32,54,57,64,69,90,99
NodeId:86	0.350059845242,0.355274485853,11,60,71,95
NodeId:87	1.74809437655,1.75893143045,8,19,20,27,30,47,54,63
NodeId:88	0.544409815531,0.554558057701,21,26,44,50,55,82
NodeId:89	0.613906196931,0.632482472436,16,32,35,38,40,57,58
NodeId:9	0.991014152049,0.982753282728,33,39,41,43,51,69,80
NodeId:90	0.851736043147,0.861643280974,1,26,52,93,96
NodeId:91	1.04854709336,1.04759782093,12,24,66,81,95
NodeId:92	1.16861618966,1.18739745809,22,34,39,57
NodeId:93	1.85186877479,1.84529789576,15,43,66,75
NodeId:94	0.9805174963,0.9841122682,4,17,20,90
NodeId:95	0.797209468863,0.766453941839,76,88
NodeId:96	1.27656345723,1.29663425098,12,13,24,31,60,74
NodeId:97	0.425018198217,0.43416017885,37,50,62,89
NodeId:98	1.0400580143,1.06724309675,5,13,15,28,49,66,92,94
NodeId:99	0.93396622084,0.963786100702,1,83
