i	28
NodeId:0	0.671929221703,0.671995338856,1,15,66,96
NodeId:1	0.192945642764,0.192950223073,37,72
NodeId:10	1.09443400994,1.09453801286,4,6,38,67,78,80
NodeId:11	0.567759588013,0.567805037246,6,28,40,49,51,67,89
NodeId:12	0.507267359659,0.507302377827,24,28,50,55,67,85,98
NodeId:13	0.810339716626,0.810416005536,25,32,33,35,76
NodeId:14	1.10929232711,1.10940105834,36,39,44,62,98
NodeId:15	0.303372849291,0.303386324725,47,70,79,95,97
NodeId:16	1.68335280619,1.68354129995,45,52,67,80
NodeId:17	0.223649022829,0.223656031942,18,39,41,53,63,72,79,99
NodeId:18	0.847182388413,0.847268307629,52,61,62,87
NodeId:19	1.57390668642,1.57408044686,27,33,37,45,92
NodeId:2	0.750865373863,0.750940129992,31,63
NodeId:20	1.35992450008,1.36006739183,7,94
NodeId:21	1.00885056235,1.00896136743
NodeId:22	2.55235627429,2.55253676691,25,65,72,83,97
NodeId:23	0.358127906519,0.358149257407,92,99
NodeId:24	0.494779475573,0.494816166416,9,10,18,38,55,93,94
NodeId:25	1.65496503208,1.65514531687,63
NodeId:26	0.721701971316,0.721754584898,15,23,28,64
NodeId:27	1.67459264957,1.67478205907,32,68,70,92
NodeId:28	1.09573585011,1.0958534194,21,25,72
NodeId:29	1.12580802742,1.12592133107,18,23,31,36,86
NodeId:3	0.362485695597,0.362507424636,30,42,45,86
NodeId:30	1.48017073828,1.48033627776,80,84,95
NodeId:31	0.572469375971,0.572517835488,29,36,46,49,54,62,70,85
NodeId:32	1.64195954994,1.64214451647,2,3,6,27,47,69,71,91
NodeId:33	1.41437354134,1.41452783154,2,56,58,86
NodeId:34	1.23863866159,1.23878202735,0,7,77,78
NodeId:35	0.240140919372,0.240152407921,12,18,62,64,65,66,83,91
NodeId:36	1.00529316,1.00538419606,12,20,30,34,61,75,77,99
NodeId:37	1.22449800355,1.22462427578,40,59,71,97
NodeId:38	0.593203788573,0.593262915116,30,41,98
NodeId:39	1.18070587305,1.18082841995,31,43,68,71,92
NodeId:4	1.36094927468,1.36109269506,24,42,46,86
NodeId:40	0.606354862485,0.606408257924,7,71,72,73
NodeId:41	1.28984856651,1.28997152649,44,45,49,66
NodeId:42	0.15,0.15,36,45,70,89,99
NodeId:43	0.540681066808,0.540724081524,4,21,24,56,67,68,80,86,90
NodeId:44	1.56407552405,1.56424866555,17,37,38
NodeId:45	1.60932505302,1.60949723048,18,53,58,83,86,90
NodeId:46	0.756741915039,0.756814967252,78
NodeId:47	0.259130125111,0.259138248188,5,14,52,70,73
NodeId:48	0.556921573429,0.556971321428,18,39,61,79,89
NodeId:49	0.15,0.15,2,29,31,39,84
NodeId:5	1.346166468,1.34630202106,2,9,24,50,61,81,98
NodeId:50	0.227287126325,0.227294612192,0,20,46,68
NodeId:51	1.48524780815,1.48539277116,38,45,61,71
NodeId:52	0.507752526239,0.507800803091,27,31,64,91
NodeId:53	0.760904127625,0.760968986366,2,13,65,78,95
NodeId:54	0.630320081555,0.630377406761,12,69,77
NodeId:55	0.785921787458,0.785987934612,10,19,22,25,51,58,62
NodeId:56	0.569625175179,0.56967515426,29,36,80,96,98
NodeId:57	0.317714500489,0.317735323577,86,94,96,98
NodeId:58	1.31800986222,1.3181533299,16,38,71,73,78
NodeId:59	0.45166113048,0.451697538371,10,24,69,92
NodeId:6	1.19921949622,1.19934285944,15,22,58,80
NodeId:60	0.39979416248,0.399821326465,14,49,53,56,65
NodeId:61	0.915992081203,0.916082711526,6,9,18,20,99
NodeId:62	0.270201317985,0.270212982338,11,22,33,91
NodeId:63	0.76269421942,0.762761312327,3,64,65,72
NodeId:64	2.5920288789,2.59234312277,3,27,28,31,33,39,78
NodeId:65	1.07396173692,1.07405523103,27,88
NodeId:66	1.34669721634,1.34682772784,8,19,72,81,83,98
NodeId:67	1.03053584147,1.03064104432,2,26,30,31,32,45
NodeId:68	0.909991675856,0.910084972627,1,6,19,28,40,81,85
NodeId:69	0.201068385477,0.201073281893,12,22,42,46,55,72,88
NodeId:7	1.18917041787,1.18929675431,12,21,38,57,93
NodeId:70	1.21278158389,1.21291696617,20,63,99
NodeId:71	1.24388261858,1.24400104818,15,16,45,84,97
NodeId:72	0.904372863064,0.904464850862,10,49,51,92,93,95
NodeId:73	1.53964099187,1.53978233926,41,50,51,84,92
NodeId:74	0.499458808174,0.499495884028,35,54,84
NodeId:75	0.848295411314,0.848385123507,29,34,37,51,54,65,85,91
NodeId:76	0.287770720941,0.287786352295,9
NodeId:77	0.656757591688,0.656815712861,0,5,32,37,40,41,44,69,79,83,85,86,87
NodeId:78	1.45649527965,1.45666828862,13,19,34,82
NodeId:79	1.2374419719,1.23757609294,0,26,43,74,90
NodeId:8	0.584698440584,0.584740222724,13,41,59,87
NodeId:80	0.521668638128,0.521714222541,31,79
NodeId:81	2.07537467178,2.0756133832,5,21,26,78,93,96
NodeId:82	0.62302154246,0.623085692377,2,23,24,32,52,53
NodeId:83	0.808632096325,0.808705458322,1,4,10,18,27,29,70
NodeId:84	0.880405194131,0.880477626663,9,21
NodeId:85	1.38103595983,1.38117823932,32,54,57,64,69,90,99
NodeId:86	0.344687565158,0.344708759091,11,60,71,95
NodeId:87	1.70210552077,1.70228746683,8,19,20,27,30,47,54,63
NodeId:88	0.545512343909,0.545556185826,21,26,44,50,55,82
NodeId:89	0.606473473188,0.606521364474,16,32,35,38,40,57,58
NodeId:9	0.956850043507,0.956929483275,33,39,41,43,51,69,80
NodeId:90	0.836965636753,0.837032578764,1,26,52,93,96
NodeId:91	1.01666377993,1.01677040802,12,24,66,81,95
NodeId:92	1.1353730347,1.13548930476,22,34,39,57
NodeId:93	1.7931456219,1.79334308086,15,43,66,75
NodeId:94	0.963193829896,0.963289191085,4,17,20,90
NodeId:95	0.772043951021,0.772119199463,76,88
NodeId:96	1.24606247477,1.24618977299,12,13,24,31,60,74
NodeId:97	0.413055853394,0.413082880234,37,50,62,89
NodeId:98	1.01225506826,1.01234458259,5,13,15,28,49,66,92,94
NodeId:99	0.918842841329,0.9189279417,1,83
