i	19
NodeId:0	0.673335763414,0.673690657875,1,15,66,96
NodeId:1	0.193043122779,0.193067624617,37,72
NodeId:10	1.09664684016,1.09720517986,4,6,38,67,78,80
NodeId:11	0.568726594666,0.568970466088,6,28,40,49,51,67,89
NodeId:12	0.508012412396,0.508200306953,24,28,50,55,67,85,98
NodeId:13	0.811962915788,0.812372425031,25,32,33,35,76
NodeId:14	1.11160562864,1.11218919594,36,39,44,62,98
NodeId:15	0.303659509567,0.303731897458,47,70,79,95,97
NodeId:16	1.68736308944,1.68837511013,45,52,67,80
NodeId:17	0.223798162924,0.223835799515,18,39,41,53,63,72,79,99
NodeId:18	0.849010400311,0.84947175683,52,61,62,87
NodeId:19	1.57760359228,1.57853639045,27,33,37,45,92
NodeId:2	0.752455892185,0.752857313607,31,63
NodeId:20	1.3629646525,1.36373162914,7,94
NodeId:21	1.01120800836,1.01180282971
NodeId:22	2.5561965478,2.55716542807,25,65,72,83,97
NodeId:23	0.358582162912,0.358696744327,92,99
NodeId:24	0.495560037279,0.495757098221,9,10,18,38,55,93,94
NodeId:25	1.65880073501,1.65976861136,63
NodeId:26	0.722821435027,0.723103574431,15,23,28,64
NodeId:27	1.67862267084,1.67963926206,32,68,70,92
NodeId:28	1.09823726341,1.09886818434,21,25,72
NodeId:29	1.12821855719,1.1288266336,18,23,31,36,86
NodeId:3	0.362948009558,0.363064586226,30,42,45,86
NodeId:30	1.4836928564,1.48458105447,80,84,95
NodeId:31	0.573500442618,0.573760491101,29,36,46,49,54,62,70,85
NodeId:32	1.64589507127,1.64688748103,2,3,6,27,47,69,71,91
NodeId:33	1.41765635824,1.41848430851,2,56,58,86
NodeId:34	1.24168897431,1.24245819772,0,7,77,78
NodeId:35	0.240385352963,0.240446987986,12,18,62,64,65,66,83,91
NodeId:36	1.00723000917,1.00771875207,12,20,30,34,61,75,77,99
NodeId:37	1.22718459525,1.22786274721,40,59,71,97
NodeId:38	0.594461741134,0.59477936661,30,41,98
NodeId:39	1.18331327201,1.18397087831,31,43,68,71,92
NodeId:4	1.36400078688,1.36477018265,24,42,46,86
NodeId:40	0.607490922004,0.607777421508,7,71,72,73
NodeId:41	1.29246486678,1.29312442964,44,45,49,66
NodeId:42	0.15,0.15,36,45,70,89,99
NodeId:43	0.541596173254,0.541827218805,4,21,24,56,67,68,80,86,90
NodeId:44	1.56775916086,1.56868849812,17,37,38
NodeId:45	1.61298833088,1.61391257349,18,53,58,83,86,90
NodeId:46	0.758296135057,0.758688586655,78
NodeId:47	0.259302927714,0.259346517611,5,14,52,70,73
NodeId:48	0.55797999937,0.558247032422,18,39,61,79,89
NodeId:49	0.15,0.15,2,29,31,39,84
NodeId:5	1.3490504392,1.34977820998,2,9,24,50,61,81,98
NodeId:50	0.227446436952,0.227486473105,0,20,46,68
NodeId:51	1.48833202414,1.48911009199,38,45,61,71
NodeId:52	0.508779710902,0.5090389493,27,31,64,91
NodeId:53	0.762284141796,0.762632140611,2,13,65,78,95
NodeId:54	0.631539766384,0.631847601959,12,69,77
NodeId:55	0.787329156581,0.78768406874,10,19,22,25,51,58,62
NodeId:56	0.570688513097,0.570956803501,29,36,80,96,98
NodeId:57	0.318157545928,0.318269406664,86,94,96,98
NodeId:58	1.32106233846,1.32183242429,16,38,71,73,78
NodeId:59	0.452435777502,0.452631252598,10,24,69,92
NodeId:6	1.20184423559,1.20250626829,15,22,58,80
NodeId:60	0.400372100556,0.400517805136,14,49,53,56,65
NodeId:61	0.917920400065,0.918406920275,6,9,18,20,99
NodeId:62	0.270449487985,0.270512122101,11,22,33,91
NodeId:63	0.764121714377,0.764481891383,3,64,65,72
NodeId:64	2.5987149693,2.60040139636,3,27,28,31,33,39,78
NodeId:65	1.07595091882,1.07645280436,27,88
NodeId:66	1.34947392625,1.35017430156,8,19,72,81,83,98
NodeId:67	1.03277414099,1.03333897731,2,26,30,31,32,45
NodeId:68	0.911976668516,0.912477028289,1,6,19,28,40,81,85
NodeId:69	0.201172570665,0.201198816552,12,22,42,46,55,72,88
NodeId:7	1.19185843445,1.19253662188,12,21,38,57,93
NodeId:70	1.21566198764,1.21638850515,20,63,99
NodeId:71	1.24640231881,1.24703784798,15,16,45,84,97
NodeId:72	0.906330023434,0.906823751086,10,49,51,92,93,95
NodeId:73	1.54264830348,1.54340676216,41,50,51,84,92
NodeId:74	0.500247634758,0.500446540131,35,54,84
NodeId:75	0.850204026092,0.850685674942,29,34,37,51,54,65,85,91
NodeId:76	0.288103312255,0.288187138816,9
NodeId:77	0.657994190403,0.658306583672,0,5,32,37,40,41,44,69,79,83,85,86,87
NodeId:78	1.46017623444,1.46110472319,13,19,34,82
NodeId:79	1.24029578926,1.24101482861,0,26,43,74,90
NodeId:8	0.585587487862,0.585811657111,13,41,59,87
NodeId:80	0.522638474664,0.522883278367,31,79
NodeId:81	2.08045346361,2.08173508515,5,21,26,78,93,96
NodeId:82	0.624386393462,0.624730777705,2,23,24,32,52,53
NodeId:83	0.810193037679,0.810586858236,1,4,10,18,27,29,70
NodeId:84	0.881946352602,0.882334906021,9,21
NodeId:85	1.38406290305,1.38482684882,32,54,57,64,69,90,99
NodeId:86	0.345138513014,0.345252121709,11,60,71,95
NodeId:87	1.70597661406,1.70695324182,8,19,20,27,30,47,54,63
NodeId:88	0.546445110826,0.546680731425,21,26,44,50,55,82
NodeId:89	0.607492441853,0.607749577023,16,32,35,38,40,57,58
NodeId:9	0.958540177256,0.958966856828,33,39,41,43,51,69,80
NodeId:90	0.838389900583,0.838749440708,1,26,52,93,96
NodeId:91	1.01893237061,1.01950467054,12,24,66,81,95
NodeId:92	1.137846796,1.13847106375,22,34,39,57
NodeId:93	1.79734685852,1.79840653092,15,43,66,75
NodeId:94	0.965222741875,0.965734649434,4,17,20,90
NodeId:95	0.773644838533,0.774048713367,76,88
NodeId:96	1.24877096026,1.24945429195,12,13,24,31,60,74
NodeId:97	0.413630856724,0.413775996975,37,50,62,89
NodeId:98	1.01415977709,1.0146397587,5,13,15,28,49,66,92,94
NodeId:99	0.920653438598,0.921110371781,1,83
