0	0.671641400253,0.671648435755,1,15,66,96
1	0.192925703641,0.192926191032,37,72
10	1.09398126233,1.09399232928,4,6,38,67,78,80
11	0.567561737932,0.567566574174,6,28,40,49,51,67,89
12	0.50711491816,0.507118644437,24,28,50,55,67,85,98
13	0.810007614431,0.810015732329,25,32,33,35,76
14	1.10881899827,1.10883056831,36,39,44,62,98
15	0.303314188026,0.303315621941,47,70,79,95,97
16	1.68253225337,1.68255231094,45,52,67,80
17	0.223618510671,0.22361925651,18,39,41,53,63,72,79,99
18	0.846808363065,0.84681750573,52,61,62,87
19	1.5731502706,1.57316876042,27,33,37,45,92
2	0.750539944175,0.750547898969,31,63
20	1.35930246249,1.35931766757,7,94
21	1.00836820366,1.00837999442
22	2.55157055141,2.5515897576,25,65,72,83,97
23	0.358034961395,0.358037233343,92,99
24	0.494619752577,0.494623656842,9,10,18,38,55,93,94
25	1.65418021395,1.65419939802,63
26	0.721472933288,0.72147853189,15,23,28,64
27	1.67376810892,1.67378826398,32,68,70,92
28	1.09522404606,1.09523655659,21,25,72
29	1.1253147937,1.1253268503,18,23,31,36,86
3	0.36239110437,0.362393416556,30,42,45,86
30	1.4794501094,1.47946772443,80,84,95
31	0.572258421133,0.572263577708,29,36,46,49,54,62,70,85
32	1.64115435055,1.64117403283,2,3,6,27,47,69,71,91
33	1.41370188351,1.4137183015,2,56,58,86
34	1.23801456015,1.23802981567,0,7,77,78
35	0.240090907278,0.240092129773,12,18,62,64,65,66,83,91
36	1.00489686052,1.00490654766,12,20,30,34,61,75,77,99
37	1.22394831283,1.22396174946,40,59,71,97
38	0.592946397712,0.592952689367,30,41,98
39	1.18017239999,1.1801854402,31,43,68,71,92
4	1.36032493513,1.36034019647,24,42,46,86
40	0.606122420595,0.606128102398,7,71,72,73
41	1.28931329487,1.28932637904,44,45,49,66
42	0.15,0.15,36,45,70,89,99
43	0.540493814576,0.540498391765,4,21,24,56,67,68,80,86,90
44	1.56332180328,1.56334022722,17,37,38
45	1.60857552755,1.60859384894,18,53,58,83,86,90
46	0.756423902829,0.756431676312,78
47	0.259094763862,0.259095628233,5,14,52,70,73
48	0.556705010087,0.556710303756,18,39,61,79,89
49	0.15,0.15,2,29,31,39,84
5	1.34557637793,1.34559080208,2,9,24,50,61,81,98
50	0.227254538632,0.227255335205,0,20,46,68
51	1.4846167529,1.4846321784,38,45,61,71
52	0.507542366075,0.507547503224,27,31,64,91
53	0.760621783384,0.760628685001,2,13,65,78,95
54	0.63007053242,0.630076632393,12,69,77
55	0.785633834766,0.785640873476,10,19,22,25,51,58,62
56	0.569407605811,0.569412924071,29,36,80,96,98
57	0.317623852684,0.317626068476,86,94,96,98
58	1.31738531708,1.31740058345,16,38,71,73,78
59	0.451502639271,0.451506513428,10,24,69,92
6	1.19868247035,1.1986955974,15,22,58,80
60	0.399675911889,0.399678802403,14,49,53,56,65
61	0.915597547391,0.915607191367,6,9,18,20,99
62	0.270150540427,0.270151781632,11,22,33,91
63	0.762402149244,0.762409288602,3,64,65,72
64	2.59066090616,2.59069434485,3,27,28,31,33,39,78
65	1.07355473783,1.07356468651,27,88
66	1.34612907316,1.34614296084,8,19,72,81,83,98
67	1.0300778704,1.03008906504,2,26,30,31,32,45
68	0.909585536309,0.909595463975,1,6,19,28,40,81,85
69	0.201047070333,0.20104759136,12,22,42,46,55,72,88
7	1.18862044791,1.18863389136,12,21,38,57,93
70	1.21219223657,1.21220664257,20,63,99
71	1.24336706944,1.24337967151,15,16,45,84,97
72	0.903972420627,0.903982209035,10,49,51,92,93,95
73	1.53902567693,1.53904071768,41,50,51,84,92
74	0.499297409224,0.499301354456,35,54,84
75	0.84790487519,0.847914421444,29,34,37,51,54,65,85,91
76	0.287702674496,0.287704337822,9
77	0.656504576879,0.656510761566,0,5,32,37,40,41,44,69,79,83,85,86,87
78	1.45574213399,1.45576054386,13,19,34,82
79	1.23685811462,1.23687238642,0,26,43,74,90
8	0.584516553313,0.584520999361,13,41,59,87
80	0.521470199488,0.521475050116,31,79
81	2.07433551033,2.07436091157,5,21,26,78,93,96
82	0.622742284394,0.622749110573,2,23,24,32,52,53
83	0.808312735166,0.808320541621,1,4,10,18,27,29,70
84	0.880089879821,0.880097587359,9,21
85	1.38041658808,1.38043172799,32,54,57,64,69,90,99
86	0.344595303458,0.344597558701,11,60,71,95
87	1.70131347084,1.7013328317,8,19,20,27,30,47,54,63
88	0.545321489817,0.545326155048,21,26,44,50,55,82
89	0.606264991767,0.606270087882,16,32,35,38,40,57,58
9	0.9565042257,0.956512678864,33,39,41,43,51,69,80
90	0.836674223036,0.836681346345,1,26,52,93,96
91	1.01619960535,1.01621095163,12,24,66,81,95
92	1.13486688625,1.13487925853,22,34,39,57
93	1.79228604165,1.79230705322,15,43,66,75
94	0.962778702326,0.962788849695,4,17,20,90
95	0.771716379596,0.771724386748,76,88
96	1.24550831771,1.24552186352,12,13,24,31,60,74
97	0.412938199887,0.412941075807,37,50,62,89
98	1.01186539254,1.01187491776,5,13,15,28,49,66,92,94
99	0.918472380738,0.918481436269,1,83
i	39
