i	1
NodeId:0	0.810384615385,1.0,1,15,66,96
NodeId:1	0.605357142857,1.0,37,72
NodeId:10	0.9575,1.0,4,6,38,67,78,80
NodeId:11	0.655952380952,1.0,6,28,40,49,51,67,89
NodeId:12	1.50392857143,1.0,24,28,50,55,67,85,98
NodeId:13	0.32,1.0,25,32,33,35,76
NodeId:14	1.16291666667,1.0,36,39,44,62,98
NodeId:15	1.23375,1.0,47,70,79,95,97
NodeId:16	0.7025,1.0,45,52,67,80
NodeId:17	0.767261904762,1.0,18,39,41,53,63,72,79,99
NodeId:18	0.32,1.0,52,61,62,87
NodeId:19	1.08702380952,1.0,27,33,37,45,92
NodeId:2	1.74678571429,1.0,31,63
NodeId:20	1.30458333333,1.0,7,94
NodeId:21	0.25625,1.0
NodeId:22	3.13646825397,1.0,25,65,72,83,97
NodeId:23	0.461666666667,1.0,92,99
NodeId:24	1.45670634921,1.0,9,10,18,38,55,93,94
NodeId:25	0.84619047619,1.0,63
NodeId:26	0.773333333334,1.0,15,23,28,64
NodeId:27	0.859345238095,1.0,32,68,70,92
NodeId:28	1.57678571429,1.0,21,25,72
NodeId:29	0.839107142857,1.0,18,23,31,36,86
NodeId:3	0.377678571428,1.0,30,42,45,86
NodeId:30	0.908928571428,1.0,80,84,95
NodeId:31	1.10625,1.0,29,36,46,49,54,62,70,85
NodeId:32	1.96535714286,1.0,2,3,6,27,47,69,71,91
NodeId:33	0.86097985348,1.0,2,56,58,86
NodeId:34	0.945357142857,1.0,0,7,77,78
NodeId:35	0.7875,1.0,12,18,62,64,65,66,83,91
NodeId:36	1.06476190476,1.0,12,20,30,34,61,75,77,99
NodeId:37	1.58083333333,1.0,40,59,71,97
NodeId:38	0.670741758242,1.0,30,41,98
NodeId:39	1.75285714286,1.0,31,43,68,71,92
NodeId:4	0.95378968254,1.0,24,42,46,86
NodeId:40	0.575,1.0,7,71,72,73
NodeId:41	0.57967032967,1.0,44,45,49,66
NodeId:42	1.32139652015,1.0,36,45,70,89,99
NodeId:43	0.866428571428,1.0,4,21,24,56,67,68,80,86,90
NodeId:44	0.719313186813,1.0,17,37,38
NodeId:45	0.985833333334,1.0,18,53,58,83,86,90
NodeId:46	1.5525,1.0,78
NodeId:47	0.653928571428,1.0,5,14,52,70,73
NodeId:48	0.25625,1.0,18,39,61,79,89
NodeId:49	1.0080952381,1.0,2,29,31,39,84
NodeId:5	0.633301282052,1.0,2,9,24,50,61,81,98
NodeId:50	0.775357142857,1.0,0,20,46,68
NodeId:51	0.903869047619,1.0,38,45,61,71
NodeId:52	1.22666666667,1.0,27,31,64,91
NodeId:53	0.25625,1.0,2,13,65,78,95
NodeId:54	1.3268452381,1.0,12,69,77
NodeId:55	0.413095238095,1.0,10,19,22,25,51,58,62
NodeId:56	0.605357142857,1.0,29,36,80,96,98
NodeId:57	1.0398015873,1.0,86,94,96,98
NodeId:58	0.15,1.0,16,38,71,73,78
NodeId:59	1.17202380952,1.0,10,24,69,92
NodeId:6	0.3625,1.0,15,22,58,80
NodeId:60	1.16494047619,1.0,14,49,53,56,65
NodeId:61	0.866428571428,1.0,6,9,18,20,99
NodeId:62	0.696428571428,1.0,11,22,33,91
NodeId:63	1.06375,1.0,3,64,65,72
NodeId:64	2.14851190476,1.0,3,27,28,31,33,39,78
NodeId:65	1.1275,1.0,27,88
NodeId:66	0.32,1.0,8,19,72,81,83,98
NodeId:67	1.3825,1.0,2,26,30,31,32,45
NodeId:68	1.31841269841,1.0,1,6,19,28,40,81,85
NodeId:69	0.498717948718,1.0,12,22,42,46,55,72,88
NodeId:7	1.13660714286,1.0,12,21,38,57,93
NodeId:70	1.18517857143,1.0,20,63,99
NodeId:71	1.57375,1.0,15,16,45,84,97
NodeId:72	1.91375,1.0,10,49,51,92,93,95
NodeId:73	0.823928571428,1.0,41,50,51,84,92
NodeId:74	0.15,1.0,35,54,84
NodeId:75	0.461666666667,1.0,29,34,37,51,54,65,85,91
NodeId:76	1.06375,1.0,9
NodeId:77	0.15,1.0,0,5,32,37,40,41,44,69,79,83,85,86,87
NodeId:78	2.0068452381,1.0,13,19,34,82
NodeId:79	0.937884615385,1.0,0,26,43,74,90
NodeId:8	0.85125,1.0,13,41,59,87
NodeId:80	1.20069444444,1.0,31,79
NodeId:81	1.01619047619,1.0,5,21,26,78,93,96
NodeId:82	0.483928571428,1.0,2,23,24,32,52,53
NodeId:83	0.709583333334,1.0,1,4,10,18,27,29,70
NodeId:84	1.40538461538,1.0,9,21
NodeId:85	1.12407509157,1.0,32,54,57,64,69,90,99
NodeId:86	0.291666666667,1.0,11,60,71,95
NodeId:87	1.82021367521,1.0,8,19,20,27,30,47,54,63
NodeId:88	1.0,1.0,21,26,44,50,55,82
NodeId:89	0.271428571428,1.0,16,32,35,38,40,57,58
NodeId:9	1.54035714286,1.0,33,39,41,43,51,69,80
NodeId:90	1.74003968254,1.0,1,26,52,93,96
NodeId:91	0.271428571428,1.0,12,24,66,81,95
NodeId:92	1.94916666667,1.0,22,34,39,57
NodeId:93	1.1355952381,1.0,15,43,66,75
NodeId:94	0.674166666667,1.0,4,17,20,90
NodeId:95	1.95017857143,1.0,76,88
NodeId:96	0.5325,1.0,12,13,24,31,60,74
NodeId:97	1.39666666667,1.0,37,50,62,89
NodeId:98	0.15,1.0,5,13,15,28,49,66,92,94
NodeId:99	1.93803571429,1.0,1,83
