0	0.672594523275,0.672797209555,1,15,66,96
1	0.192991733073,0.193005771153,37,72
10	1.0954805603,1.09579936481,4,6,38,67,78,80
11	0.568216921394,0.568356244951,6,28,40,49,51,67,89
12	0.507619731732,0.507727077702,24,28,50,55,67,85,98
13	0.81110738054,0.811341231345,25,32,33,35,76
14	1.11038642869,1.11071974791,36,39,44,62,98
15	0.303508446869,0.303549760622,47,70,79,95,97
16	1.68524952561,1.68582741011,45,52,67,80
17	0.223719553392,0.223741038489,18,39,41,53,63,72,79,99
18	0.848046964549,0.848310368197,52,61,62,87
19	1.57565515446,1.57618784103,27,33,37,45,92
2	0.751617613624,0.751846785425,31,63
20	1.36136234398,1.36180038889,7,94
21	1.00996555558,1.01030523383
22	2.55417248973,2.55472580735,25,65,72,83,97
23	0.358342753104,0.358408197186,92,99
24	0.495148679605,0.495261172271,9,10,18,38,55,93,94
25	1.65677915419,1.65733183818,63
26	0.722231396578,0.722392691146,15,23,28,64
27	1.67649860524,1.67707919529,32,68,70,92
28	1.09691888954,1.09727930621,21,25,72
29	1.12694814402,1.12729548668,18,23,31,36,86
3	0.362704347291,0.362770964355,30,42,45,86
30	1.48183649549,1.48234391284,80,84,95
31	0.572957007255,0.573105553312,29,36,46,49,54,62,70,85
32	1.64382079511,1.64438777604,2,3,6,27,47,69,71,91
33	1.4159260864,1.41639906351,2,56,58,86
34	1.24008128666,1.24052077446,0,7,77,78
35	0.240256523665,0.240291747259,12,18,62,64,65,66,83,91
36	1.00620921177,1.00648831312,12,20,30,34,61,75,77,99
37	1.22576863198,1.22615573825,40,59,71,97
38	0.593798757545,0.593980032602,30,41,98
39	1.18193901695,1.18231467343,31,43,68,71,92
4	1.36239244593,1.36283211003,24,42,46,86
40	0.606892159792,0.607055843454,7,71,72,73
41	1.29108587179,1.29146278042,44,45,49,66
42	0.15,0.15,36,45,70,89,99
43	0.541113905817,0.541245762405,4,21,24,56,67,68,80,86,90
44	1.56581775717,1.56634855604,17,37,38
45	1.61105761404,1.61158539132,18,53,58,83,86,90
46	0.757477008867,0.757700944929,78
47	0.259211861605,0.259236764288,5,14,52,70,73
48	0.557422160505,0.557574671257,18,39,61,79,89
49	0.15,0.15,2,29,31,39,84
5	1.34753046882,1.34794601989,2,9,24,50,61,81,98
50	0.227362455143,0.227385395602,0,20,46,68
51	1.48670651158,1.48715092478,38,45,61,71
52	0.508238324648,0.508386311638,27,31,64,91
53	0.761556781099,0.761755585392,2,13,65,78,95
54	0.63089691801,0.631072653384,12,69,77
55	0.786587397209,0.786790176035,10,19,22,25,51,58,62
56	0.570128085842,0.570281315449,29,36,80,96,98
57	0.317924037194,0.317987870814,86,94,96,98
58	1.3194535045,1.31989333426,16,38,71,73,78
59	0.452027483829,0.452139094154,10,24,69,92
6	1.2004608387,1.20083899805,15,22,58,80
60	0.40006750305,0.400150761811,14,49,53,56,65
61	0.916904067584,0.917181876035,6,9,18,20,99
62	0.27031869226,0.270354448531,11,22,33,91
63	0.763369349456,0.763575015629,3,64,65,72
64	2.59519099742,2.59615431061,3,27,28,31,33,39,78
65	1.07490251872,1.0751891275,27,88
66	1.34801048594,1.34841059355,8,19,72,81,83,98
67	1.03159445706,1.03191697805,2,26,30,31,32,45
68	0.910930463395,0.911216480708,1,6,19,28,40,81,85
69	0.201117655338,0.201132667727,12,22,42,46,55,72,88
7	1.19044168281,1.190828972,12,21,38,57,93
70	1.21414386101,1.21455892459,20,63,99
71	1.24507432845,1.24543737299,15,16,45,84,97
72	0.905298496402,0.905580487834,10,49,51,92,93,95
73	1.54106330564,1.54149662885,41,50,51,84,92
74	0.499831886042,0.499945537209,35,54,84
75	0.849198144098,0.849473163901,29,34,37,51,54,65,85,91
76	0.287928009329,0.287975930696,9
77	0.657342440383,0.657520623464,0,5,32,37,40,41,44,69,79,83,85,86,87
78	1.4582361987,1.45876655411,13,19,34,82
79	1.23879156185,1.23920271845,0,26,43,74,90
8	0.585118884603,0.585246957398,13,41,59,87
80	0.522127334081,0.522267088875,31,79
81	2.07777670771,2.07850853724,5,21,26,78,93,96
82	0.623667052306,0.623863718854,2,23,24,32,52,53
83	0.80937032125,0.809595192714,1,4,10,18,27,29,70
84	0.881134048905,0.881356093657,9,21
85	1.38246763838,1.38290383572,32,54,57,64,69,90,99
86	0.344900830458,0.344965805505,11,60,71,95
87	1.70393636012,1.7044941176,8,19,20,27,30,47,54,63
88	0.545953507506,0.546087918657,21,26,44,50,55,82
89	0.606955379188,0.607102204405,16,32,35,38,40,57,58
9	0.957649406671,0.957892936015,33,39,41,43,51,69,80
90	0.837639249815,0.837844478891,1,26,52,93,96
91	1.01773672913,1.0180635958,12,24,66,81,95
92	1.13654300801,1.13689943859,22,34,39,57
93	1.79513255495,1.7957378762,15,43,66,75
94	0.964153403621,0.964445757731,4,17,20,90
95	0.772801125157,0.773031816292,76,88
96	1.24734343043,1.24773366621,12,13,24,31,60,74
97	0.413327812714,0.413410667955,37,50,62,89
98	1.0131558242,1.01343020387,5,13,15,28,49,66,92,94
99	0.919699170684,0.919960075343,1,83
i	21
