0	0.671626701569,0.671630719853,1,15,66,96
1	0.192924685374,0.192924963745,37,72
10	1.09395814108,1.0939644619,4,6,38,67,78,80
11	0.567551633974,0.567554396165,6,28,40,49,51,67,89
12	0.507107133162,0.507109261404,24,28,50,55,67,85,98
13	0.809990654385,0.809995290873,25,32,33,35,76
14	1.10879482596,1.10880143411,36,39,44,62,98
15	0.303311192269,0.303312011241,47,70,79,95,97
16	1.68249034877,1.68250180453,45,52,67,80
17	0.223616952454,0.223617378434,18,39,41,53,63,72,79,99
18	0.846789262062,0.846794483839,52,61,62,87
19	1.5731116414,1.57312220174,27,33,37,45,92
2	0.750523324889,0.750527868222,31,63
20	1.35927069581,1.35927938009,7,94
21	1.0083435702,1.00835030442
22	2.55153042553,2.55154139503,25,65,72,83,97
23	0.358030214805,0.358031512414,92,99
24	0.494611595726,0.494613825622,9,10,18,38,55,93,94
25	1.65414013427,1.65415109113,63
26	0.721461236604,0.72146443421,15,23,28,64
27	1.67372600066,1.6737375121,32,68,70,92
28	1.09519790887,1.09520505418,21,25,72
29	1.12528960487,1.12529649092,18,23,31,36,86
3	0.362386273715,0.362387594307,30,42,45,86
30	1.47941330778,1.4794233685,80,84,95
31	0.572247647933,0.57225059308,29,36,46,49,54,62,70,85
32	1.64111323003,1.64112447144,2,3,6,27,47,69,71,91
33	1.41366758278,1.41367695981,2,56,58,86
34	1.23798268807,1.23799140116,0,7,77,78
35	0.240088353223,0.240089051444,12,18,62,64,65,66,83,91
36	1.004876622,1.00488215475,12,20,30,34,61,75,77,99
37	1.22392024082,1.22392791506,40,59,71,97
38	0.592933253086,0.592936846526,30,41,98
39	1.18014515619,1.18015260402,31,43,68,71,92
4	1.36029305089,1.36030176731,24,42,46,86
40	0.606110550079,0.606113795207,7,71,72,73
41	1.28928595922,1.28929343216,44,45,49,66
42	0.15,0.15,36,45,70,89,99
43	0.540484251839,0.540486866072,4,21,24,56,67,68,80,86,90
44	1.5632833117,1.56329383442,17,37,38
45	1.60853725023,1.60854771437,18,53,58,83,86,90
46	0.756407662345,0.756412102122,78
47	0.259092958007,0.259093451687,5,14,52,70,73
48	0.556693950467,0.556696973914,18,39,61,79,89
49	0.15,0.15,2,29,31,39,84
5	1.34554624277,1.34555448103,2,9,24,50,61,81,98
50	0.227252874418,0.227253329376,0,20,46,68
51	1.48458452571,1.48459333589,38,45,61,71
52	0.507531633462,0.507534567512,27,31,64,91
53	0.760607364417,0.760611306233,2,13,65,78,95
54	0.630057788259,0.630061272223,12,69,77
55	0.785619129383,0.785623149498,10,19,22,25,51,58,62
56	0.569396494815,0.569399532306,29,36,80,96,98
57	0.317619223417,0.317620488953,86,94,96,98
58	1.31735342234,1.31736214163,16,38,71,73,78
59	0.451494545322,0.451496758024,10,24,69,92
6	1.19865504511,1.19866254254,15,22,58,80
60	0.399669872978,0.399671523878,14,49,53,56,65
61	0.915577399047,0.915582907141,6,9,18,20,99
62	0.270147947281,0.270148656188,11,22,33,91
63	0.762387233587,0.762391311186,3,64,65,72
64	2.59059104551,2.59061014382,3,27,28,31,33,39,78
65	1.07353395289,1.07353963502,27,88
66	1.3461000588,1.34610799066,8,19,72,81,83,98
67	1.0300544824,1.03006087614,2,26,30,31,32,45
68	0.909564795266,0.909570465391,1,6,19,28,40,81,85
69	0.201045981796,0.201046279377,12,22,42,46,55,72,88
7	1.18859236163,1.18860003977,12,21,38,57,93
70	1.21216213934,1.21217036723,20,63,99
71	1.24334074099,1.24334793859,15,16,45,84,97
72	0.903951970533,0.903957561121,10,49,51,92,93,95
73	1.53899425357,1.539002844,41,50,51,84,92
74	0.499289166781,0.499291420077,35,54,84
75	0.847884930997,0.847890383283,29,34,37,51,54,65,85,91
76	0.287699199449,0.287700149447,9
77	0.656491655734,0.65649518808,0,5,32,37,40,41,44,69,79,83,85,86,87
78	1.45570367178,1.45571418647,13,19,34,82
79	1.23682829776,1.236836449,0,26,43,74,90
8	0.584507264559,0.584509803892,13,41,59,87
80	0.521460065476,0.521462835882,31,79
81	2.07428244166,2.07429694942,5,21,26,78,93,96
82	0.622728023036,0.622731921765,2,23,24,32,52,53
83	0.808296425792,0.808300884401,1,4,10,18,27,29,70
84	0.880073777114,0.880078179227,9,21
85	1.38038495754,1.38039360461,32,54,57,64,69,90,99
86	0.344590591768,0.344591879837,11,60,71,95
87	1.70127302184,1.70128407967,8,19,20,27,30,47,54,63
88	0.545311743142,0.54531440766,21,26,44,50,55,82
89	0.606254344883,0.6062572555,16,32,35,38,40,57,58
9	0.956486565218,0.956491393188,33,39,41,43,51,69,80
90	0.836659340908,0.836663409342,1,26,52,93,96
91	1.01617590054,1.01618238089,12,24,66,81,95
92	1.13484103788,1.13484810423,22,34,39,57
93	1.79224214396,1.79225414459,15,43,66,75
94	0.962757502279,0.962763297887,4,17,20,90
95	0.771699650933,0.771704224168,76,88
96	1.24548001761,1.24548775421,12,13,24,31,60,74
97	0.412932191471,0.412933834034,37,50,62,89
98	1.01184549229,1.01185093256,5,13,15,28,49,66,92,94
99	0.918453461785,0.918458633796,1,83
i	42
