i	24
NodeId:0	0.672286838209,0.672426360648,1,15,66,96
NodeId:1	0.192970416478,0.19298008264,37,72
NodeId:10	1.09499654192,1.09521601972,4,6,38,67,78,80
NodeId:11	0.568005415246,0.56810132645,6,28,40,49,51,67,89
NodeId:12	0.507456766103,0.507530664232,24,28,50,55,67,85,98
NodeId:13	0.810752350059,0.810913341089,25,32,33,35,76
NodeId:14	1.10988043371,1.11010989228,36,39,44,62,98
NodeId:15	0.303445735314,0.303474171772,47,70,79,95,97
NodeId:16	1.68437233688,1.68477010611,45,52,67,80
NodeId:17	0.223686933555,0.223701724616,18,39,41,53,63,72,79,99
NodeId:18	0.847647109869,0.847828420988,52,61,62,87
NodeId:19	1.57484652651,1.57521321227,27,33,37,45,92
NodeId:2	0.751269717886,0.751427470973,31,63
NodeId:20	1.36069737692,1.36099891826,7,94
NodeId:21	1.00944988691,1.00968371093
NodeId:22	2.5533325268,2.55371341243,25,65,72,83,97
NodeId:23	0.358243389892,0.358288445934,92,99
NodeId:24	0.494977930231,0.495055356256,9,10,18,38,55,93,94
NodeId:25	1.65594016153,1.65632060759,63
NodeId:26	0.721986548098,0.722097577946,15,23,28,64
NodeId:27	1.67561713184,1.67601684026,32,68,70,92
NodeId:28	1.09637176274,1.09661986534,21,25,72
NodeId:29	1.12642086561,1.1266599701,18,23,31,36,86
NodeId:3	0.362603223569,0.362649077403,30,42,45,86
NodeId:30	1.48106611049,1.48141545184,80,84,95
NodeId:31	0.572731484715,0.572833749866,29,36,46,49,54,62,70,85
NodeId:32	1.64295999933,1.64335033674,2,3,6,27,47,69,71,91
NodeId:33	1.4152080695,1.41553366647,2,56,58,86
NodeId:34	1.23941409965,1.23971664496,0,7,77,78
NodeId:35	0.240203058483,0.24022730281,12,18,62,64,65,66,83,91
NodeId:36	1.00578555938,1.00597766564,12,20,30,34,61,75,77,99
NodeId:37	1.22518098839,1.22544745502,40,59,71,97
NodeId:38	0.593523593544,0.593648364532,30,41,98
NodeId:39	1.18136870599,1.18162731635,31,43,68,71,92
NodeId:4	1.36172501031,1.36202766829,24,42,46,86
NodeId:40	0.606643668745,0.606756347616,7,71,72,73
NodeId:41	1.2905136335,1.29077311875,44,45,49,66
NodeId:42	0.15,0.15,36,45,70,89,99
NodeId:43	0.540913725872,0.541004498137,4,21,24,56,67,68,80,86,90
NodeId:44	1.56501201745,1.56537738898,17,37,38
NodeId:45	1.61025632947,1.61061967694,18,53,58,83,86,90
NodeId:46	0.75713704301,0.757291200595,78
NodeId:47	0.259174061305,0.259191203739,5,14,52,70,73
NodeId:48	0.557190651853,0.557295633711,18,39,61,79,89
NodeId:49	0.15,0.15,2,29,31,39,84
NodeId:5	1.34689965001,1.34718570666,2,9,24,50,61,81,98
NodeId:50	0.227327615308,0.227343413563,0,20,46,68
NodeId:51	1.48603188746,1.48633779825,38,45,61,71
NodeId:52	0.508013647548,0.508115524192,27,31,64,91
NodeId:53	0.761254936391,0.761391809247,2,13,65,78,95
NodeId:54	0.630630144613,0.630751116932,12,69,77
NodeId:55	0.786279564927,0.786419154254,10,19,22,25,51,58,62
NodeId:56	0.56989550351,0.570000971095,29,36,80,96,98
NodeId:57	0.31782712955,0.317871070374,86,94,96,98
NodeId:58	1.31878585394,1.31908860543,16,38,71,73,78
NodeId:59	0.451858054455,0.451934886605,10,24,69,92
NodeId:6	1.19988674637,1.20014708149,15,22,58,80
NodeId:60	0.399941087316,0.39999841245,14,49,53,56,65
NodeId:61	0.91648228437,0.916673542213,6,9,18,20,99
NodeId:62	0.270264408654,0.270289022925,11,22,33,91
NodeId:63	0.763057114274,0.763198699013,3,64,65,72
NodeId:64	2.59372856668,2.59439170532,3,27,28,31,33,39,78
NodeId:65	1.0744674293,1.07466473167,27,88
NodeId:66	1.3474031296,1.34767854526,8,19,72,81,83,98
NodeId:67	1.03110486518,1.03132687007,2,26,30,31,32,45
NodeId:68	0.910496300511,0.910693187588,1,6,19,28,40,81,85
NodeId:69	0.201094869268,0.201105202216,12,22,42,46,55,72,88
NodeId:7	1.18985375122,1.19012035238,12,21,38,57,93
NodeId:70	1.21351384268,1.21379953376,20,63,99
NodeId:71	1.24452318233,1.24477310516,15,16,45,84,97
NodeId:72	0.904870408584,0.905064529907,10,49,51,92,93,95
NodeId:73	1.54040551307,1.54070379378,41,50,51,84,92
NodeId:74	0.499659344406,0.499737586406,35,54,84
NodeId:75	0.848780649746,0.848969962191,29,34,37,51,54,65,85,91
NodeId:76	0.287855267985,0.287888254692,9
NodeId:77	0.657071961482,0.657194604961,0,5,32,37,40,41,44,69,79,83,85,86,87
NodeId:78	1.45743105484,1.45779615098,13,19,34,82
NodeId:79	1.23816740658,1.23845044572,0,26,43,74,90
NodeId:8	0.584924432586,0.585012605426,13,41,59,87
NodeId:80	0.521915196619,0.522011390437,31,79
NodeId:81	2.07666582235,2.07716956267,5,21,26,78,93,96
NodeId:82	0.623368517892,0.623503892009,2,23,24,32,52,53
NodeId:83	0.809028896932,0.809183713279,1,4,10,18,27,29,70
NodeId:84	0.880796968414,0.880949823523,9,21
NodeId:85	1.38180552569,1.38210577276,32,54,57,64,69,90,99
NodeId:86	0.344802198475,0.344846924304,11,60,71,95
NodeId:87	1.70308963472,1.7034735941,8,19,20,27,30,47,54,63
NodeId:88	0.545749478907,0.545841990408,21,26,44,50,55,82
NodeId:89	0.60673251096,0.606833570456,16,32,35,38,40,57,58
NodeId:9	0.95727972016,0.957447358788,33,39,41,43,51,69,80
NodeId:90	0.837327715803,0.837468977115,1,26,52,93,96
NodeId:91	1.01724051213,1.01746552821,12,24,66,81,95
NodeId:92	1.13600192015,1.13624728044,22,34,39,57
NodeId:93	1.79421364043,1.79463033882,15,43,66,75
NodeId:94	0.963709622156,0.963910857226,4,17,20,90
NodeId:95	0.772450957007,0.772609752982,76,88
NodeId:96	1.2467510074,1.24701964166,12,13,24,31,60,74
NodeId:97	0.413202037078,0.413259071804,37,50,62,89
NodeId:98	1.01273923426,1.01292813885,5,13,15,28,49,66,92,94
NodeId:99	0.919303135796,0.919482716187,1,83
