0	0.6808284053,0.68261813092,1,15,66,96
1	0.193553717486,0.193815003903,37,72
10	1.10863162871,1.11114271134,4,6,38,67,78,80
11	0.573913218213,0.575302933417,6,28,40,49,51,67,89
12	0.512059175395,0.513268009869,24,28,50,55,67,85,98
13	0.82053145389,0.822893813566,25,32,33,35,76
14	1.12437654255,1.1262313179,36,39,44,62,98
15	0.30538533276,0.305495607996,47,70,79,95,97
16	1.70910986425,1.71368571673,45,52,67,80
17	0.22461855605,0.224813431262,18,39,41,53,63,72,79,99
18	0.858895708417,0.861406576281,52,61,62,87
19	1.59750941767,1.60165509778,27,33,37,45,92
2	0.760879949371,0.763223373286,31,63
20	1.3793747118,1.38280189605,7,94
21	1.02363701599,1.02713599867
22	2.57696432514,2.58227763123,25,65,72,83,97
23	0.36095206122,0.361679851594,92,99
24	0.499839326578,0.500530904958,9,10,18,38,55,93,94
25	1.67916942399,1.6844634647,63
26	0.728879145615,0.73122509534,15,23,28,64
27	1.70015040576,1.70593991387,32,68,70,92
28	1.11125121643,1.11487990709,21,25,72
29	1.14173020439,1.14384702246,18,23,31,36,86
3	0.365459177495,0.365958045118,30,42,45,86
30	1.50261283957,1.50693112935,80,84,95
31	0.579078039976,0.580816956495,29,36,46,49,54,62,70,85
32	1.66694840359,1.67252446665,2,3,6,27,47,69,71,91
33	1.43517430375,1.44008010499,2,56,58,86
34	1.25815511227,1.26182143164,0,7,77,78
35	0.241728603987,0.241967528608,12,18,62,64,65,66,83,91
36	1.01739871388,1.01996952805,12,20,30,34,61,75,77,99
37	1.24165370949,1.2449889521,40,59,71,97
38	0.601357464686,0.602744256618,30,41,98
39	1.19737557992,1.20137322736,31,43,68,71,92
4	1.38012471052,1.38468690017,24,42,46,86
40	0.613537752634,0.615410966586,7,71,72,73
41	1.30655744923,1.31109142713,44,45,49,66
42	0.15,0.15,36,45,70,89,99
43	0.546521395441,0.547414090781,4,21,24,56,67,68,80,86,90
44	1.58758746362,1.59302634595,17,37,38
45	1.63283090594,1.63768572731,18,53,58,83,86,90
46	0.766536677476,0.768230603986,78
47	0.260297296822,0.260412539309,5,14,52,70,73
48	0.563641394968,0.564829652116,18,39,61,79,89
49	0.15,0.15,2,29,31,39,84
5	1.36509119051,1.36780408908,2,9,24,50,61,81,98
50	0.228290432028,0.228637624445,0,20,46,68
51	1.50489977096,1.50941304929,38,45,61,71
52	0.514158214805,0.516139779936,27,31,64,91
53	0.76971136113,0.771657334377,2,13,65,78,95
54	0.637991038197,0.63954366776,12,69,77
55	0.794878269707,0.796528704837,10,19,22,25,51,58,62
56	0.57649018982,0.577826902985,29,36,80,96,98
57	0.320387331463,0.321033899874,86,94,96,98
58	1.33744473047,1.34183233371,16,38,71,73,78
59	0.456624034085,0.457578262938,10,24,69,92
6	1.2160058694,1.21932608919,15,22,58,80
60	0.403447348793,0.404546751909,14,49,53,56,65
61	0.928261429319,0.931118644537,6,9,18,20,99
62	0.271730090774,0.272150758017,11,22,33,91
63	0.771590744282,0.773744748544,3,64,65,72
64	2.63425066311,2.6447211396,3,27,28,31,33,39,78
65	1.08700795261,1.08800184009,27,88
66	1.36476108529,1.36886844277,8,19,72,81,83,98
67	1.04461988282,1.04770477247,2,26,30,31,32,45
68	0.922743059649,0.925343942737,1,6,19,28,40,81,85
69	0.201700219685,0.20184166115,12,22,42,46,55,72,88
7	1.20594795466,1.2100271607,12,21,38,57,93
70	1.23097786792,1.23462920789,20,63,99
71	1.26020265781,1.26373017949,15,16,45,84,97
72	0.916963736695,0.919612371189,10,49,51,92,93,95
73	1.55894407215,1.56330355489,41,50,51,84,92
74	0.504479133446,0.505568181717,35,54,84
75	0.860381100703,0.863328037526,29,34,37,51,54,65,85,91
76	0.289891948306,0.290530143626,9
77	0.66426914857,0.666115679197,0,5,32,37,40,41,44,69,79,83,85,86,87
78	1.47968132816,1.48535310666,13,19,34,82
79	1.25532247004,1.25944621107,0,26,43,74,90
8	0.590240030101,0.592077799646,13,41,59,87
80	0.52792444642,0.529046097234,31,79
81	2.10739486637,2.11420289312,5,21,26,78,93,96
82	0.631728031696,0.633327345324,2,23,24,32,52,53
83	0.818792079838,0.820878267639,1,4,10,18,27,29,70
84	0.890255442745,0.893039415153,9,21
85	1.40037886765,1.40318978852,32,54,57,64,69,90,99
86	0.347607722672,0.348297305551,11,60,71,95
87	1.72682761582,1.73177804261,8,19,20,27,30,47,54,63
88	0.551128171425,0.552638343725,21,26,44,50,55,82
89	0.612400782038,0.614505755707,16,32,35,38,40,57,58
9	0.967860553636,0.969497585666,33,39,41,43,51,69,80
90	0.845907422506,0.848097860715,1,26,52,93,96
91	1.0311714578,1.03419077093,12,24,66,81,95
92	1.15109453174,1.15424187346,22,34,39,57
93	1.82017359669,1.82542815278,15,43,66,75
94	0.975952739539,0.978554196448,4,17,20,90
95	0.782158744256,0.783682610284,76,88
96	1.26322044657,1.2665941508,12,13,24,31,60,74
97	0.416768383873,0.417173545511,37,50,62,89
98	1.02432488901,1.02836213882,5,13,15,28,49,66,92,94
99	0.930248528396,0.933126160982,1,83
i	9
