0	0.67161830651,0.671620601529,1,15,66,96
1	0.192924103798,0.192924262788,37,72
10	1.09394493552,1.09394854562,4,6,38,67,78,80
11	0.567545863162,0.56754744077,6,28,40,49,51,67,89
12	0.507102686809,0.507103902341,24,28,50,55,67,85,98
13	0.809980967762,0.809983615865,25,32,33,35,76
14	1.10878102009,1.1087847943,36,39,44,62,98
15	0.303309481262,0.303309949012,47,70,79,95,97
16	1.68246641521,1.6824729581,45,52,67,80
17	0.223616062487,0.223616305783,18,39,41,53,63,72,79,99
18	0.846778352645,0.846781335029,52,61,62,87
19	1.57308957857,1.57309561004,27,33,37,45,92
2	0.75051383289,0.750516427784,31,63
20	1.35925255247,1.35925751244,7,94
21	1.00832950096,1.00833334717
22	2.55150750788,2.55151377304,25,65,72,83,97
23	0.358027503819,0.358028244939,92,99
24	0.494606936991,0.494608210583,9,10,18,38,55,93,94
25	1.65411724301,1.65412350095,63
26	0.721454556114,0.721456382407,15,23,28,64
27	1.67370195079,1.67370852547,32,68,70,92
28	1.09518298077,1.09518706177,21,25,72
29	1.12527521843,1.12527915135,18,23,31,36,86
3	0.362383514718,0.362384268965,30,42,45,86
30	1.47939228876,1.47939803488,80,84,95
31	0.572241494887,0.57224317699,29,36,46,49,54,62,70,85
32	1.6410897443,1.64109616476,2,3,6,27,47,69,71,91
33	1.41364799213,1.41365334777,2,56,58,86
34	1.23796448453,1.23796946096,0,7,77,78
35	0.240086894492,0.240087293275,12,18,62,64,65,66,83,91
36	1.0048650629,1.0048682229,12,20,30,34,61,75,77,99
37	1.22390420767,1.22390859076,40,59,71,97
38	0.592925745616,0.592927797987,30,41,98
39	1.18012959606,1.18013384984,31,43,68,71,92
4	1.3602748404,1.36027981873,24,42,46,86
40	0.606103770308,0.606105623742,7,71,72,73
41	1.28927034663,1.28927461475,44,45,49,66
42	0.15,0.15,36,45,70,89,99
43	0.540478790141,0.540480283245,4,21,24,56,67,68,80,86,90
44	1.56326132748,1.56326733747,17,37,38
45	1.60851538837,1.6085213649,18,53,58,83,86,90
46	0.756398386693,0.756400922444,78
47	0.259091926604,0.259092208566,5,14,52,70,73
48	0.556687633835,0.556689360657,18,39,61,79,89
49	0.15,0.15,2,29,31,39,84
5	1.34552903125,1.34553373649,2,9,24,50,61,81,98
50	0.227251923913,0.227252183759,0,20,46,68
51	1.48456611934,1.48457115122,38,45,61,71
52	0.507525503596,0.507527179361,27,31,64,91
53	0.760599129113,0.760601380456,2,13,65,78,95
54	0.630050509512,0.630052499355,12,69,77
55	0.785610730496,0.785613026559,10,19,22,25,51,58,62
56	0.56939014884,0.569391883684,29,36,80,96,98
57	0.317616579439,0.317617302242,86,94,96,98
58	1.31733520586,1.31734018583,16,38,71,73,78
59	0.451489922514,0.451491186285,10,24,69,92
6	1.19863938136,1.19864366347,15,22,58,80
60	0.399666423892,0.399667366794,14,49,53,56,65
61	0.915565891442,0.915569037357,6,9,18,20,99
62	0.270146466222,0.27014687111,11,22,33,91
63	0.762378714603,0.762381043497,3,64,65,72
64	2.59055114503,2.59056205292,3,27,28,31,33,39,78
65	1.07352208171,1.07352532702,27,88
66	1.34608348742,1.34608801766,8,19,72,81,83,98
67	1.03004112448,1.03004477623,2,26,30,31,32,45
68	0.909552949146,0.909556187607,1,6,19,28,40,81,85
69	0.201045360084,0.201045530046,12,22,42,46,55,72,88
7	1.18857632033,1.18858070565,12,21,38,57,93
70	1.21214494949,1.2121496488,20,63,99
71	1.24332570366,1.24332981452,15,16,45,84,97
72	0.903940290589,0.903943483618,10,49,51,92,93,95
73	1.53897630631,1.53898121268,41,50,51,84,92
74	0.499284459162,0.499285746117,35,54,84
75	0.847873539997,0.847876654037,29,34,37,51,54,65,85,91
76	0.287697214697,0.287697757283,9
77	0.656484275901,0.656486293379,0,5,32,37,40,41,44,69,79,83,85,86,87
78	1.45568170434,1.45568770974,13,19,34,82
79	1.23681126804,1.23681592357,0,26,43,74,90
8	0.584501959345,0.584503409669,13,41,59,87
80	0.521454277498,0.521455859799,31,79
81	2.07425213182,2.07426041784,5,21,26,78,93,96
82	0.622719877751,0.622722104485,2,23,24,32,52,53
83	0.808287110793,0.808289657302,1,4,10,18,27,29,70
84	0.880064580153,0.880067094392,9,21
85	1.38036689196,1.38037183068,32,54,57,64,69,90,99
86	0.344587900717,0.344588636388,11,60,71,95
87	1.70124991965,1.70125623526,8,19,20,27,30,47,54,63
88	0.545306176387,0.545307698211,21,26,44,50,55,82
89	0.606248263983,0.606249926362,16,32,35,38,40,57,58
9	0.956476478541,0.956479236008,33,39,41,43,51,69,80
90	0.836650841073,0.836653164732,1,26,52,93,96
91	1.01616236168,1.01616606289,12,24,66,81,95
92	1.13482627474,1.13483031065,22,34,39,57
93	1.79221707207,1.79222392615,15,43,66,75
94	0.962745394007,0.96274870413,4,17,20,90
95	0.771690096459,0.771692708433,76,88
96	1.24546385418,1.24546827289,12,13,24,31,60,74
97	0.4129287598,0.412929697941,37,50,62,89
98	1.01183412638,1.01183723356,5,13,15,28,49,66,92,94
99	0.918442656344,0.918445610303,1,83
i	45
