0	0.672797209555,0.673041559067,1,15,66,96
1	0.193005771153,0.193022697065,37,72
10	1.09579936481,1.09618359879,4,6,38,67,78,80
11	0.568356244951,0.568524193913,6,28,40,49,51,67,89
12	0.507727077702,0.507856481935,24,28,50,55,67,85,98
13	0.811341231345,0.811623121742,25,32,33,35,76
14	1.11071974791,1.11112154559,36,39,44,62,98
15	0.303549760622,0.303599554943,47,70,79,95,97
16	1.68582741011,1.68652381947,45,52,67,80
17	0.223741038489,0.223766939368,18,39,41,53,63,72,79,99
18	0.848310368197,0.848627760122,52,61,62,87
19	1.57618784103,1.5768298108,27,33,37,45,92
2	0.751846785425,0.752122976868,31,63
20	1.36180038889,1.36232841021,7,94
21	1.01030523383,1.01071462045
22	2.55472580735,2.55539270853,25,65,72,83,97
23	0.358408197186,0.358487091667,92,99
24	0.495261172271,0.495396709666,9,10,18,38,55,93,94
25	1.65733183818,1.65799794956,63
26	0.722392691146,0.72258710881,15,23,28,64
27	1.67707919529,1.6777790996,32,68,70,92
28	1.09727930621,1.09771373809,21,25,72
29	1.12729548668,1.12771418617,18,23,31,36,86
3	0.362770964355,0.362851224998,30,42,45,86
30	1.48234391284,1.48295561428,80,84,95
31	0.573105553312,0.573284607974,29,36,46,49,54,62,70,85
32	1.64438777604,1.64507121123,2,3,6,27,47,69,71,91
33	1.41639906351,1.41696918422,2,56,58,86
34	1.24052077446,1.2410504931,0,7,77,78
35	0.240291747259,0.240334177772,12,18,62,64,65,66,83,91
36	1.00648831312,1.00682462372,12,20,30,34,61,75,77,99
37	1.22615573825,1.2266222207,40,59,71,97
38	0.593980032602,0.59419842891,30,41,98
39	1.18231467343,1.18276747563,31,43,68,71,92
4	1.36283211003,1.36336201843,24,42,46,86
40	0.607055843454,0.607253136895,7,71,72,73
41	1.29146278042,1.29191711946,44,45,49,66
42	0.15,0.15,36,45,70,89,99
43	0.541245762405,0.54140471711,4,21,24,56,67,68,80,86,90
44	1.56634855604,1.56698835036,17,37,38
45	1.61158539132,1.6122215694,18,53,58,83,86,90
46	0.757700944929,0.757970875766,78
47	0.259236764288,0.259266789881,5,14,52,70,73
48	0.557574671257,0.557758483192,18,39,61,79,89
49	0.15,0.15,2,29,31,39,84
5	1.34794601989,1.34844692931,2,9,24,50,61,81,98
50	0.227385395602,0.227413057367,0,20,46,68
51	1.48715092478,1.48768647748,38,45,61,71
52	0.508386311638,0.508564656506,27,31,64,91
53	0.761755585392,0.761995226119,2,13,65,78,95
54	0.631072653384,0.631284438131,12,69,77
55	0.786790176035,0.787034546986,10,19,22,25,51,58,62
56	0.570281315449,0.570465982917,29,36,80,96,98
57	0.317987870814,0.318064781084,86,94,96,98
58	1.31989333426,1.32042344829,16,38,71,73,78
59	0.452139094154,0.452273619576,10,24,69,92
6	1.20083899805,1.20129487131,15,22,58,80
60	0.400150761811,0.400251153386,14,49,53,56,65
61	0.917181876035,0.917516721287,6,9,18,20,99
62	0.270354448531,0.270397543645,11,22,33,91
63	0.763575015629,0.763822900745,3,64,65,72
64	2.59615431061,2.59731529324,3,27,28,31,33,39,78
65	1.0751891275,1.0755345986,27,88
66	1.34841059355,1.34889288107,8,19,72,81,83,98
67	1.03191697805,1.03230558211,2,26,30,31,32,45
68	0.911216480708,0.911561244004,1,6,19,28,40,81,85
69	0.201132667727,0.201150749696,12,22,42,46,55,72,88
7	1.190828972,1.19129577075,12,21,38,57,93
70	1.21455892459,1.21505911579,20,63,99
71	1.24543737299,1.24587496244,15,16,45,84,97
72	0.905580487834,0.905920371625,10,49,51,92,93,95
73	1.54149662885,1.54201890039,41,50,51,84,92
74	0.499945537209,0.500082538008,35,54,84
75	0.849473163901,0.849804680084,29,34,37,51,54,65,85,91
76	0.287975930696,0.288033695684,9
77	0.657520623464,0.657735323519,0,5,32,37,40,41,44,69,79,83,85,86,87
78	1.45876655411,1.45940580979,13,19,34,82
79	1.23920271845,1.23969826518,0,26,43,74,90
8	0.585246957398,0.585401320127,13,41,59,87
80	0.522267088875,0.522435488129,31,79
81	2.07850853724,2.0793904628,5,21,26,78,93,96
82	0.623863718854,0.624100717435,2,23,24,32,52,53
83	0.809595192714,0.809866241657,1,4,10,18,27,29,70
84	0.881356093657,0.881623734151,9,21
85	1.38290383572,1.38342952435,32,54,57,64,69,90,99
86	0.344965805505,0.345044096342,11,60,71,95
87	1.7044941176,1.70516640681,8,19,20,27,30,47,54,63
88	0.546087918657,0.546249851308,21,26,44,50,55,82
89	0.607102204405,0.607279140498,16,32,35,38,40,57,58
9	0.957892936015,0.958186482737,33,39,41,43,51,69,80
90	0.837844478891,0.838091761198,1,26,52,93,96
91	1.0180635958,1.01845760712,12,24,66,81,95
92	1.13689943859,1.13732904584,22,34,39,57
93	1.7957378762,1.79646749435,15,43,66,75
94	0.964445757731,0.964798079522,4,17,20,90
95	0.773031816292,0.773309880768,76,88
96	1.24773366621,1.24820393886,12,13,24,31,60,74
97	0.413410667955,0.413510510824,37,50,62,89
98	1.01343020387,1.01376096627,5,13,15,28,49,66,92,94
99	0.919960075343,0.920274444613,1,83
i	20
