i	15
NodeId:0	0.675253769863,0.676007814499,1,15,66,96
NodeId:1	0.193176300003,0.193227447673,37,72
NodeId:10	1.09966566106,1.10083986835,4,6,38,67,78,80
NodeId:11	0.57004556586,0.570560663722,6,28,40,49,51,67,89
NodeId:12	0.509028543479,0.509426938072,24,28,50,55,67,85,98
NodeId:13	0.814176235166,0.81504085306,25,32,33,35,76
NodeId:14	1.11475615857,1.11599668526,36,39,44,62,98
NodeId:15	0.304050699085,0.304204837076,47,70,79,95,97
NodeId:16	1.69283754555,1.69497928602,45,52,67,80
NodeId:17	0.224001452736,0.224083422406,18,39,41,53,63,72,79,99
NodeId:18	0.851509183357,0.852477322449,52,61,62,87
NodeId:19	1.58264698564,1.58461156724,27,33,37,45,92
NodeId:2	0.754626477462,0.755475010998,31,63
NodeId:20	1.36711028748,1.36873425687,7,94
NodeId:21	1.01442606672,1.01568120953
NodeId:22	2.56143620652,2.56349727578,25,65,72,83,97
NodeId:23	0.35920164429,0.359443047644,92,99
NodeId:24	0.496626264873,0.497040083985,9,10,18,38,55,93,94
NodeId:25	1.66403381042,1.66608121966,63
NodeId:26	0.724351481903,0.724944466283,15,23,28,64
NodeId:27	1.68411785825,1.68626790818,32,68,70,92
NodeId:28	1.10164821933,1.10297794724,21,25,72
NodeId:29	1.13150390235,1.13279744581,18,23,31,36,86
NodeId:3	0.363579773348,0.363824092176,30,42,45,86
NodeId:30	1.48849357965,1.49036115903,80,84,95
NodeId:31	0.574908572299,0.575452153724,29,36,46,49,54,62,70,85
NodeId:32	1.65126335237,1.6533464307,2,3,6,27,47,69,71,91
NodeId:33	1.42213368597,1.42388851485,2,56,58,86
NodeId:34	1.24584844505,1.24747378431,0,7,77,78
NodeId:35	0.240719521249,0.240848102184,12,18,62,64,65,66,83,91
NodeId:36	1.00987391956,1.01090607345,12,20,30,34,61,75,77,99
NodeId:37	1.23085328973,1.23228541574,40,59,71,97
NodeId:38	0.596181746487,0.596850973041,30,41,98
NodeId:39	1.18687121839,1.18825954118,31,43,68,71,92
NodeId:4	1.36816385765,1.36978479367,24,42,46,86
NodeId:40	0.609041812118,0.609644780083,7,71,72,73
NodeId:41	1.29603755392,1.2974177005,44,45,49,66
NodeId:42	0.15,0.15,36,45,70,89,99
NodeId:43	0.542843848088,0.543333408949,4,21,24,56,67,68,80,86,90
NodeId:44	1.57278578365,1.57475910525,17,37,38
NodeId:45	1.61798374645,1.61993639107,18,53,58,83,86,90
NodeId:46	0.760415194932,0.761249492613,78
NodeId:47	0.259538008979,0.259632209098,5,14,52,70,73
NodeId:48	0.559422496418,0.559987989635,18,39,61,79,89
NodeId:49	0.15,0.15,2,29,31,39,84
NodeId:5	1.35298149258,1.35453592309,2,9,24,50,61,81,98
NodeId:50	0.227663714337,0.227746906568,0,20,46,68
NodeId:51	1.49254563532,1.49417534024,38,45,61,71
NodeId:52	0.510183098279,0.510726232858,27,31,64,91
NodeId:53	0.764165893514,0.764896945202,2,13,65,78,95
NodeId:54	0.63320413737,0.633850893093,12,69,77
NodeId:55	0.789248931386,0.789996319855,10,19,22,25,51,58,62
NodeId:56	0.572140207271,0.57270736529,29,36,80,96,98
NodeId:57	0.318762493671,0.318996392831,86,94,96,98
NodeId:58	1.32522853172,1.32686752445,16,38,71,73,78
NodeId:59	0.453492441472,0.453905891401,10,24,69,92
NodeId:6	1.2054222618,1.20682403651,15,22,58,80
NodeId:60	0.401159650469,0.401465152401,14,49,53,56,65
NodeId:61	0.920551823215,0.921572208425,6,9,18,20,99
NodeId:62	0.270788069095,0.270919890335,11,22,33,91
NodeId:63	0.766069082362,0.76682512661,3,64,65,72
NodeId:64	2.60784407549,2.61137874824,3,27,28,31,33,39,78
NodeId:65	1.07866200193,1.07972745931,27,88
NodeId:66	1.35326332948,1.35475082508,8,19,72,81,83,98
NodeId:67	1.03583092274,1.0370146566,2,26,30,31,32,45
NodeId:68	0.914684584818,0.915740739815,1,6,19,28,40,81,85
NodeId:69	0.201314821956,0.201369081081,12,22,42,46,55,72,88
NodeId:7	1.1955258986,1.19695790985,12,21,38,57,93
NodeId:70	1.21959350543,1.22113124454,20,63,99
NodeId:71	1.2498411723,1.25117872591,15,16,45,84,97
NodeId:72	0.909001258428,0.910041031665,10,49,51,92,93,95
NodeId:73	1.54675477833,1.54835799451,41,50,51,84,92
NodeId:74	0.501323379521,0.50174212032,35,54,84
NodeId:75	0.852808654907,0.853830788228,29,34,37,51,54,65,85,91
NodeId:76	0.28855694502,0.288735253994,9
NodeId:77	0.659680638849,0.660343411818,0,5,32,37,40,41,44,69,79,83,85,86,87
NodeId:78	1.46520162573,1.46714923341,13,19,34,82
NodeId:79	1.24419054026,1.24570219442,0,26,43,74,90
NodeId:8	0.586802394473,0.58726826558,13,41,59,87
NodeId:80	0.523962649405,0.524481059525,31,79
NodeId:81	2.08738437184,2.09009437591,5,21,26,78,93,96
NodeId:82	0.62624857419,0.626975716875,2,23,24,32,52,53
NodeId:83	0.812324040035,0.813152610924,1,4,10,18,27,29,70
NodeId:84	0.884051936478,0.884865518242,9,21
NodeId:85	1.38818938612,1.38980877141,32,54,57,64,69,90,99
NodeId:86	0.34575480659,0.345991822414,11,60,71,95
NodeId:87	1.71125854506,1.71331403155,8,19,20,27,30,47,54,63
NodeId:88	0.547717812322,0.54821445414,21,26,44,50,55,82
NodeId:89	0.608884170207,0.609423728417,16,32,35,38,40,57,58
NodeId:9	0.960843744193,0.961757005154,33,39,41,43,51,69,80
NodeId:90	0.840336510953,0.841087007393,1,26,52,93,96
NodeId:91	1.02202778076,1.02323458484,12,24,66,81,95
NodeId:92	1.14122084186,1.14253972986,22,34,39,57
NodeId:93	1.80307805344,1.80532005436,15,43,66,75
NodeId:94	0.967990679679,0.969075117091,4,17,20,90
NodeId:95	0.775824738005,0.776681299935,76,88
NodeId:96	1.25246732188,1.25390391675,12,13,24,31,60,74
NodeId:97	0.414415205708,0.414721406876,37,50,62,89
NodeId:98	1.01676296342,1.01776018533,5,13,15,28,49,66,92,94
NodeId:99	0.92312780305,0.924087746224,1,83
