0	0.676007814499,0.676890116429,1,15,66,96
1	0.193227447673,0.193291737981,37,72
10	1.10083986835,1.10224637927,4,6,38,67,78,80
11	0.570560663722,0.571195472075,6,28,40,49,51,67,89
12	0.509426938072,0.509898715179,24,28,50,55,67,85,98
13	0.81504085306,0.816089729373,25,32,33,35,76
14	1.11599668526,1.11747895403,36,39,44,62,98
15	0.304204837076,0.30438076281,47,70,79,95,97
16	1.69497928602,1.69753521345,45,52,67,80
17	0.224083422406,0.224171462062,18,39,41,53,63,72,79,99
18	0.852477322449,0.853629595386,52,61,62,87
19	1.58461156724,1.58699727931,27,33,37,45,92
2	0.755475010998,0.756491409128,31,63
20	1.36873425687,1.37068908968,7,94
21	1.01568120953,1.01715387197
22	2.56349727578,2.56593654288,25,65,72,83,97
23	0.359443047644,0.359732524762,92,99
24	0.497040083985,0.497531102339,9,10,18,38,55,93,94
25	1.66608121966,1.66851934887,63
26	0.724944466283,0.725669821532,15,23,28,64
27	1.68626790818,1.68886112637,32,68,70,92
28	1.10297794724,1.10460375591,21,25,72
29	1.13279744581,1.13432498182,18,23,31,36,86
3	0.363824092176,0.364110370913,30,42,45,86
30	1.49036115903,1.49263516035,80,84,95
31	0.575452153724,0.576130008685,29,36,46,49,54,62,70,85
32	1.6533464307,1.6558853731,2,3,6,27,47,69,71,91
33	1.42388851485,1.42600182876,2,56,58,86
34	1.24747378431,1.24942364746,0,7,77,78
35	0.240848102184,0.241001310908,12,18,62,64,65,66,83,91
36	1.01090607345,1.01213015421,12,20,30,34,61,75,77,99
37	1.23228541574,1.23398681527,40,59,71,97
38	0.596850973041,0.597630969871,30,41,98
39	1.18825954118,1.18992814347,31,43,68,71,92
4	1.36978479367,1.37176275113,24,42,46,86
40	0.609644780083,0.610378315616,7,71,72,73
41	1.2974177005,1.29913158907,44,45,49,66
42	0.15,0.15,36,45,70,89,99
43	0.543333408949,0.54390791733,4,21,24,56,67,68,80,86,90
44	1.57475910525,1.57712108132,17,37,38
45	1.61993639107,1.62227625173,18,53,58,83,86,90
46	0.761249492613,0.762237842659,78
47	0.259632209098,0.259740883067,5,14,52,70,73
48	0.559987989635,0.560667653241,18,39,61,79,89
49	0.15,0.15,2,29,31,39,84
5	1.35453592309,1.3563674564,2,9,24,50,61,81,98
50	0.227746906568,0.227851273765,0,20,46,68
51	1.49417534024,1.49616624921,38,45,61,71
52	0.510726232858,0.511383474616,27,31,64,91
53	0.764896945202,0.765786060187,2,13,65,78,95
54	0.633850893093,0.634647444235,12,69,77
55	0.789996319855,0.790893342145,10,19,22,25,51,58,62
56	0.57270736529,0.573388176427,29,36,80,96,98
57	0.318996392831,0.319278486898,86,94,96,98
58	1.32686752445,1.32880373718,16,38,71,73,78
59	0.453905891401,0.454409028329,10,24,69,92
6	1.20682403651,1.20853645383,15,22,58,80
60	0.401465152401,0.401840562335,14,49,53,56,65
61	0.921572208425,0.922818382755,6,9,18,20,99
62	0.270919890335,0.271078113825,11,22,33,91
63	0.76682512661,0.767755828946,3,64,65,72
64	2.61137874824,2.61566445351,3,27,28,31,33,39,78
65	1.07972745931,1.08099700804,27,88
66	1.35475082508,1.35653379148,8,19,72,81,83,98
67	1.0370146566,1.03843997643,2,26,30,31,32,45
68	0.915740739815,0.917045124275,1,6,19,28,40,81,85
69	0.201369081081,0.201438345423,12,22,42,46,55,72,88
7	1.19695790985,1.19869467116,12,21,38,57,93
70	1.22113124454,1.2229708344,20,63,99
71	1.25117872591,1.25280398352,15,16,45,84,97
72	0.910041031665,0.911305311238,10,49,51,92,93,95
73	1.54835799451,1.55026334128,41,50,51,84,92
74	0.50174212032,0.502252016355,35,54,84
75	0.853830788228,0.855040961726,29,34,37,51,54,65,85,91
76	0.288735253994,0.28894738814,9
77	0.660343411818,0.661125670296,0,5,32,37,40,41,44,69,79,83,85,86,87
78	1.46714923341,1.46952449088,13,19,34,82
79	1.24570219442,1.24756996317,0,26,43,74,90
8	0.58726826558,0.587851258145,13,41,59,87
80	0.524481059525,0.525092633729,31,79
81	2.09009437591,2.0933445786,5,21,26,78,93,96
82	0.626975716875,0.627851494862,2,23,24,32,52,53
83	0.813152610924,0.814142088566,1,4,10,18,27,29,70
84	0.884865518242,0.885878530734,9,21
85	1.38980877141,1.39173499979,32,54,57,64,69,90,99
86	0.345991822414,0.346279408333,11,60,71,95
87	1.71331403155,1.71581589708,8,19,20,27,30,47,54,63
88	0.54821445414,0.548801693422,21,26,44,50,55,82
89	0.609423728417,0.610098772755,16,32,35,38,40,57,58
9	0.961757005154,0.96282965044,33,39,41,43,51,69,80
90	0.841087007393,0.842003256394,1,26,52,93,96
91	1.02323458484,1.0246945935,12,24,66,81,95
92	1.14253972986,1.14413917274,22,34,39,57
93	1.80532005436,1.80802383814,15,43,66,75
94	0.969075117091,0.970361140141,4,17,20,90
95	0.776681299935,0.777709731649,76,88
96	1.25390391675,1.2556290221,12,13,24,31,60,74
97	0.414721406876,0.415089662554,37,50,62,89
98	1.01776018533,1.01902197189,5,13,15,28,49,66,92,94
99	0.924087746224,0.925247256226,1,83
i	13
