i	23
NodeId:0	0.672426360648,0.672594523275,1,15,66,96
NodeId:1	0.19298008264,0.192991733073,37,72
NodeId:10	1.09521601972,1.0954805603,4,6,38,67,78,80
NodeId:11	0.56810132645,0.568216921394,6,28,40,49,51,67,89
NodeId:12	0.507530664232,0.507619731732,24,28,50,55,67,85,98
NodeId:13	0.810913341089,0.81110738054,25,32,33,35,76
NodeId:14	1.11010989228,1.11038642869,36,39,44,62,98
NodeId:15	0.303474171772,0.303508446869,47,70,79,95,97
NodeId:16	1.68477010611,1.68524952561,45,52,67,80
NodeId:17	0.223701724616,0.223719553392,18,39,41,53,63,72,79,99
NodeId:18	0.847828420988,0.848046964549,52,61,62,87
NodeId:19	1.57521321227,1.57565515446,27,33,37,45,92
NodeId:2	0.751427470973,0.751617613624,31,63
NodeId:20	1.36099891826,1.36136234398,7,94
NodeId:21	1.00968371093,1.00996555558
NodeId:22	2.55371341243,2.55417248973,25,65,72,83,97
NodeId:23	0.358288445934,0.358342753104,92,99
NodeId:24	0.495055356256,0.495148679605,9,10,18,38,55,93,94
NodeId:25	1.65632060759,1.65677915419,63
NodeId:26	0.722097577946,0.722231396578,15,23,28,64
NodeId:27	1.67601684026,1.67649860524,32,68,70,92
NodeId:28	1.09661986534,1.09691888954,21,25,72
NodeId:29	1.1266599701,1.12694814402,18,23,31,36,86
NodeId:3	0.362649077403,0.362704347291,30,42,45,86
NodeId:30	1.48141545184,1.48183649549,80,84,95
NodeId:31	0.572833749866,0.572957007255,29,36,46,49,54,62,70,85
NodeId:32	1.64335033674,1.64382079511,2,3,6,27,47,69,71,91
NodeId:33	1.41553366647,1.4159260864,2,56,58,86
NodeId:34	1.23971664496,1.24008128666,0,7,77,78
NodeId:35	0.24022730281,0.240256523665,12,18,62,64,65,66,83,91
NodeId:36	1.00597766564,1.00620921177,12,20,30,34,61,75,77,99
NodeId:37	1.22544745502,1.22576863198,40,59,71,97
NodeId:38	0.593648364532,0.593798757545,30,41,98
NodeId:39	1.18162731635,1.18193901695,31,43,68,71,92
NodeId:4	1.36202766829,1.36239244593,24,42,46,86
NodeId:40	0.606756347616,0.606892159792,7,71,72,73
NodeId:41	1.29077311875,1.29108587179,44,45,49,66
NodeId:42	0.15,0.15,36,45,70,89,99
NodeId:43	0.541004498137,0.541113905817,4,21,24,56,67,68,80,86,90
NodeId:44	1.56537738898,1.56581775717,17,37,38
NodeId:45	1.61061967694,1.61105761404,18,53,58,83,86,90
NodeId:46	0.757291200595,0.757477008867,78
NodeId:47	0.259191203739,0.259211861605,5,14,52,70,73
NodeId:48	0.557295633711,0.557422160505,18,39,61,79,89
NodeId:49	0.15,0.15,2,29,31,39,84
NodeId:5	1.34718570666,1.34753046882,2,9,24,50,61,81,98
NodeId:50	0.227343413563,0.227362455143,0,20,46,68
NodeId:51	1.48633779825,1.48670651158,38,45,61,71
NodeId:52	0.508115524192,0.508238324648,27,31,64,91
NodeId:53	0.761391809247,0.761556781099,2,13,65,78,95
NodeId:54	0.630751116932,0.63089691801,12,69,77
NodeId:55	0.786419154254,0.786587397209,10,19,22,25,51,58,62
NodeId:56	0.570000971095,0.570128085842,29,36,80,96,98
NodeId:57	0.317871070374,0.317924037194,86,94,96,98
NodeId:58	1.31908860543,1.3194535045,16,38,71,73,78
NodeId:59	0.451934886605,0.452027483829,10,24,69,92
NodeId:6	1.20014708149,1.2004608387,15,22,58,80
NodeId:60	0.39999841245,0.40006750305,14,49,53,56,65
NodeId:61	0.916673542213,0.916904067584,6,9,18,20,99
NodeId:62	0.270289022925,0.27031869226,11,22,33,91
NodeId:63	0.763198699013,0.763369349456,3,64,65,72
NodeId:64	2.59439170532,2.59519099742,3,27,28,31,33,39,78
NodeId:65	1.07466473167,1.07490251872,27,88
NodeId:66	1.34767854526,1.34801048594,8,19,72,81,83,98
NodeId:67	1.03132687007,1.03159445706,2,26,30,31,32,45
NodeId:68	0.910693187588,0.910930463395,1,6,19,28,40,81,85
NodeId:69	0.201105202216,0.201117655338,12,22,42,46,55,72,88
NodeId:7	1.19012035238,1.19044168281,12,21,38,57,93
NodeId:70	1.21379953376,1.21414386101,20,63,99
NodeId:71	1.24477310516,1.24507432845,15,16,45,84,97
NodeId:72	0.905064529907,0.905298496402,10,49,51,92,93,95
NodeId:73	1.54070379378,1.54106330564,41,50,51,84,92
NodeId:74	0.499737586406,0.499831886042,35,54,84
NodeId:75	0.848969962191,0.849198144098,29,34,37,51,54,65,85,91
NodeId:76	0.287888254692,0.287928009329,9
NodeId:77	0.657194604961,0.657342440383,0,5,32,37,40,41,44,69,79,83,85,86,87
NodeId:78	1.45779615098,1.4582361987,13,19,34,82
NodeId:79	1.23845044572,1.23879156185,0,26,43,74,90
NodeId:8	0.585012605426,0.585118884603,13,41,59,87
NodeId:80	0.522011390437,0.522127334081,31,79
NodeId:81	2.07716956267,2.07777670771,5,21,26,78,93,96
NodeId:82	0.623503892009,0.623667052306,2,23,24,32,52,53
NodeId:83	0.809183713279,0.80937032125,1,4,10,18,27,29,70
NodeId:84	0.880949823523,0.881134048905,9,21
NodeId:85	1.38210577276,1.38246763838,32,54,57,64,69,90,99
NodeId:86	0.344846924304,0.344900830458,11,60,71,95
NodeId:87	1.7034735941,1.70393636012,8,19,20,27,30,47,54,63
NodeId:88	0.545841990408,0.545953507506,21,26,44,50,55,82
NodeId:89	0.606833570456,0.606955379188,16,32,35,38,40,57,58
NodeId:9	0.957447358788,0.957649406671,33,39,41,43,51,69,80
NodeId:90	0.837468977115,0.837639249815,1,26,52,93,96
NodeId:91	1.01746552821,1.01773672913,12,24,66,81,95
NodeId:92	1.13624728044,1.13654300801,22,34,39,57
NodeId:93	1.79463033882,1.79513255495,15,43,66,75
NodeId:94	0.963910857226,0.964153403621,4,17,20,90
NodeId:95	0.772609752982,0.772801125157,76,88
NodeId:96	1.24701964166,1.24734343043,12,13,24,31,60,74
NodeId:97	0.413259071804,0.413327812714,37,50,62,89
NodeId:98	1.01292813885,1.0131558242,5,13,15,28,49,66,92,94
NodeId:99	0.919482716187,0.919699170684,1,83
