0	0.685148749353,0.692981488226,1,15,66,96
1	0.194941929538,0.185647670227,37,72
10	1.13600089421,1.12491829684,4,6,38,67,78,80
11	0.585997775777,0.570475576759,6,28,40,49,51,67,89
12	0.513158345953,0.555178038039,24,28,50,55,67,85,98
13	0.831096339481,0.811155520148,25,32,33,35,76
14	1.11473982268,1.17174044063,36,39,44,62,98
15	0.309340313888,0.313424582411,47,70,79,95,97
16	1.78005049428,1.82167636836,45,52,67,80
17	0.223399663526,0.244855638871,18,39,41,53,63,72,79,99
18	0.87891115925,0.918709449433,52,61,62,87
19	1.63944097936,1.65501597532,27,33,37,45,92
2	0.791484933832,0.772913942893,31,63
20	1.38322491997,1.38763858562,7,94
21	1.00823123474,1.08990003705
22	2.59668515057,2.69007005947,25,65,72,83,97
23	0.368984364724,0.344244799592,92,99
24	0.503547593457,0.525909593968,9,10,18,38,55,93,94
25	1.70715066211,1.7729027633,63
26	0.745208348535,0.749836771241,15,23,28,64
27	1.75295337353,1.63919686381,32,68,70,92
28	1.13419994024,1.08383067386,21,25,72
29	1.16497252821,1.14239576217,18,23,31,36,86
3	0.369032095426,0.35805530273,30,42,45,86
30	1.54034293199,1.47317493095,80,84,95
31	0.609575305833,0.570861096894,29,36,46,49,54,62,70,85
32	1.69587340387,1.61351599542,2,3,6,27,47,69,71,91
33	1.43810341478,1.43010959588,2,56,58,86
34	1.27264118724,1.27130779206,0,7,77,78
35	0.242918080267,0.25211529743,12,18,62,64,65,66,83,91
36	1.0329053651,1.07414937473,12,20,30,34,61,75,77,99
37	1.27576005994,1.28848979534,40,59,71,97
38	0.626550091636,0.656919194567,30,41,98
39	1.22298796685,1.3376986877,31,43,68,71,92
4	1.39983368008,1.42670233671,24,42,46,86
40	0.613965282355,0.628178340715,7,71,72,73
41	1.35026486421,1.30912585878,44,45,49,66
42	0.15,0.15,36,45,70,89,99
43	0.554872708698,0.58832100223,4,21,24,56,67,68,80,86,90
44	1.64048994342,1.68194149989,17,37,38
45	1.68984811255,1.73563091552,18,53,58,83,86,90
46	0.785638672672,0.78537036977,78
47	0.257123096544,0.263320986543,5,14,52,70,73
48	0.56405663642,0.56956223049,18,39,61,79,89
49	0.15,0.15,2,29,31,39,84
5	1.38149110147,1.41732666227,2,9,24,50,61,81,98
50	0.231158473568,0.218678141173,0,20,46,68
51	1.57530407895,1.5437738787,38,45,61,71
52	0.537106228277,0.536126116565,27,31,64,91
53	0.79578319542,0.723423590116,2,13,65,78,95
54	0.653055708897,0.650943583798,12,69,77
55	0.822393667305,0.828163677427,10,19,22,25,51,58,62
56	0.579129450279,0.591847147993,29,36,80,96,98
57	0.320504759356,0.338637866731,86,94,96,98
58	1.33376538989,1.44046851881,16,38,71,73,78
59	0.469280709891,0.483245283746,10,24,69,92
6	1.23019544748,1.24782934854,15,22,58,80
60	0.405717719538,0.409808887907,14,49,53,56,65
61	0.95951003014,0.980369205338,6,9,18,20,99
62	0.273612829535,0.273136179132,11,22,33,91
63	0.796081348023,0.774434769143,3,64,65,72
64	2.72290279993,2.71996441535,3,27,28,31,33,39,78
65	1.09154399278,1.13525287632,27,88
66	1.39649369869,1.42939225455,8,19,72,81,83,98
67	1.07950355632,1.11795857521,2,26,30,31,32,45
68	0.931570640854,1.00194816455,1,6,19,28,40,81,85
69	0.205563650211,0.210919967312,12,22,42,46,55,72,88
7	1.21393901431,1.19666370483,12,21,38,57,93
70	1.22156362985,1.24089872299,20,63,99
71	1.30841379327,1.35810588141,15,16,45,84,97
72	0.931225289487,0.952553702151,10,49,51,92,93,95
73	1.58786008354,1.69960293592,41,50,51,84,92
74	0.507897816903,0.536795624165,35,54,84
75	0.885102781261,0.874523108394,29,34,37,51,54,65,85,91
76	0.287896438425,0.293659375134,9
77	0.668438433256,0.687347157647,0,5,32,37,40,41,44,69,79,83,85,86,87
78	1.52064422702,1.51126389367,13,19,34,82
79	1.27082821792,1.28545140318,0,26,43,74,90
8	0.603232128286,0.555256153287,13,41,59,87
80	0.541835618958,0.546274185703,31,79
81	2.15525404744,2.20211979349,5,21,26,78,93,96
82	0.643247529252,0.655128862225,2,23,24,32,52,53
83	0.838566625245,0.805414341677,1,4,10,18,27,29,70
84	0.924922136365,0.903646854137,9,21
85	1.44712128204,1.40415684176,32,54,57,64,69,90,99
86	0.355274485853,0.35798761294,11,60,71,95
87	1.75893143045,1.78200830962,8,19,20,27,30,47,54,63
88	0.554558057701,0.572883342832,21,26,44,50,55,82
89	0.632482472436,0.604467817276,16,32,35,38,40,57,58
9	0.982753282728,0.986421115482,33,39,41,43,51,69,80
90	0.861643280974,0.885326555661,1,26,52,93,96
91	1.04759782093,1.03589029922,12,24,66,81,95
92	1.18739745809,1.11674418161,22,34,39,57
93	1.84529789576,1.89387139603,15,43,66,75
94	0.9841122682,0.939096026506,4,17,20,90
95	0.766453941839,0.785892747874,76,88
96	1.29663425098,1.26808483615,12,13,24,31,60,74
97	0.43416017885,0.425614076742,37,50,62,89
98	1.06724309675,1.02159879469,5,13,15,28,49,66,92,94
99	0.963786100702,0.952731566154,1,83
i	4
