i	12
NodeId:0	0.67794318451,0.679274498071,1,15,66,96
NodeId:1	0.193361873441,0.193432982791,37,72
NodeId:10	1.10406565574,1.10600282197,4,6,38,67,78,80
NodeId:11	0.571917277078,0.572881488577,6,28,40,49,51,67,89
NodeId:12	0.5104759013,0.511112607183,24,28,50,55,67,85,98
NodeId:13	0.817337577296,0.818801782769,25,32,33,35,76
NodeId:14	1.11927735902,1.12133655916,36,39,44,62,98
NodeId:15	0.304609535018,0.304886818443,47,70,79,95,97
NodeId:16	1.70062811584,1.70453319996,45,52,67,80
NodeId:17	0.224311660411,0.224362952105,18,39,41,53,63,72,79,99
NodeId:18	0.85508725222,0.856755790932,52,61,62,87
NodeId:19	1.58988536778,1.59344922321,27,33,37,45,92
NodeId:2	0.757725622601,0.759271695576,31,63
NodeId:20	1.37300274599,1.37582375063,7,94
NodeId:21	1.01905199072,1.02102153105
NodeId:22	2.56895549054,2.57236120158,25,65,72,83,97
NodeId:23	0.360084812605,0.360507906774,92,99
NodeId:24	0.498148053751,0.49898095319,9,10,18,38,55,93,94
NodeId:25	1.67149955963,1.67499033141,63
NodeId:26	0.72649770734,0.727574282435,15,23,28,64
NodeId:27	1.69202199062,1.69555640387,32,68,70,92
NodeId:28	1.10643936367,1.10896494255,21,25,72
NodeId:29	1.13617846782,1.1384618749,18,23,31,36,86
NodeId:3	0.364473351501,0.364918824219,30,42,45,86
NodeId:30	1.49535917749,1.49855615032,80,84,95
NodeId:31	0.576924961426,0.577921738315,29,36,46,49,54,62,70,85
NodeId:32	1.65894772065,1.66252306349,2,3,6,27,47,69,71,91
NodeId:33	1.42853131606,1.43142747417,2,56,58,86
NodeId:34	1.25177709693,1.25453770275,0,7,77,78
NodeId:35	0.241193346771,0.24141549195,12,18,62,64,65,66,83,91
NodeId:36	1.0136357058,1.01553053299,12,20,30,34,61,75,77,99
NodeId:37	1.23614270499,1.23859217702,40,59,71,97
NodeId:38	0.598656048292,0.599816448026,30,41,98
NodeId:39	1.19199143602,1.19428183268,31,43,68,71,92
NodeId:4	1.37406084256,1.3770076351,24,42,46,86
NodeId:40	0.611247032229,0.612295064024,7,71,72,73
NodeId:41	1.30113520001,1.30355956998,44,45,49,66
NodeId:42	0.15,0.15,36,45,70,89,99
NodeId:43	0.544641304482,0.545428745736,4,21,24,56,67,68,80,86,90
NodeId:44	1.57987401131,1.58349193515,17,37,38
NodeId:45	1.62520635012,1.62857934017,18,53,58,83,86,90
NodeId:46	0.763482422281,0.764845271523,78
NodeId:47	0.259870439023,0.260038758553,5,14,52,70,73
NodeId:48	0.561478357239,0.562504208631,18,39,61,79,89
NodeId:49	0.15,0.15,2,29,31,39,84
NodeId:5	1.35866014065,1.36124937548,2,9,24,50,61,81,98
NodeId:50	0.227965204306,0.228076490952,0,20,46,68
NodeId:51	1.49851006109,1.50159896071,38,45,61,71
NodeId:52	0.512213304991,0.513185846153,27,31,64,91
NodeId:53	0.766871272932,0.7681457986,2,13,65,78,95
NodeId:54	0.635594526871,0.63675648036,12,69,77
NodeId:55	0.791981227408,0.793268730617,10,19,22,25,51,58,62
NodeId:56	0.574170941206,0.575176498411,29,36,80,96,98
NodeId:57	0.31963637199,0.320046005357,86,94,96,98
NodeId:58	1.33116447198,1.33387841194,16,38,71,73,78
NodeId:59	0.455027066935,0.455680663779,10,24,69,92
NodeId:6	1.21055113043,1.21298811167,15,22,58,80
NodeId:60	0.402276037299,0.402822870999,14,49,53,56,65
NodeId:61	0.924345070876,0.926166225851,6,9,18,20,99
NodeId:62	0.271276111487,0.271502701319,11,22,33,91
NodeId:63	0.768849360203,0.770270606343,3,64,65,72
NodeId:64	2.62081472333,2.62683221257,3,27,28,31,33,39,78
NodeId:65	1.08258534766,1.08429130639,27,88
NodeId:66	1.35862444772,1.36134880199,8,19,72,81,83,98
NodeId:67	1.04019004635,1.04232868021,2,26,30,31,32,45
NodeId:68	0.918483634818,0.920403674017,1,6,19,28,40,81,85
NodeId:69	0.201512714875,0.201615909569,12,22,42,46,55,72,88
NodeId:7	1.20074485549,1.20327287649,12,21,38,57,93
NodeId:70	1.22514353094,1.22789298617,20,63,99
NodeId:71	1.25474142118,1.25719513649,15,16,45,84,97
NodeId:72	0.912814361166,0.914682607333,10,49,51,92,93,95
NodeId:73	1.5525921862,1.55526207742,41,50,51,84,92
NodeId:74	0.502852070968,0.503583542826,35,54,84
NodeId:75	0.856482926188,0.858290322553,29,34,37,51,54,65,85,91
NodeId:76	0.289196303071,0.289490347161,9
NodeId:77	0.662108933829,0.663181593798,0,5,32,37,40,41,44,69,79,83,85,86,87
NodeId:78	1.47233569377,1.47578389371,13,19,34,82
NodeId:79	1.24967574951,1.25228040205,0,26,43,74,90
NodeId:8	0.588553961574,0.589401137814,13,41,59,87
NodeId:80	0.525862269557,0.52681658793,31,79
NodeId:81	2.09726943163,2.10221638466,5,21,26,78,93,96
NodeId:82	0.628898644436,0.630193355368,2,23,24,32,52,53
NodeId:83	0.815439910982,0.81677326927,1,4,10,18,27,29,70
NodeId:84	0.887029080253,0.888518293913,9,21
NodeId:85	1.39405812739,1.39700541639,32,54,57,64,69,90,99
NodeId:86	0.346618893941,0.347027088896,11,60,71,95
NodeId:87	1.71878434794,1.7223955069,8,19,20,27,30,47,54,63
NodeId:88	0.549538403044,0.550342618633,21,26,44,50,55,82
NodeId:89	0.610823805216,0.611978379859,16,32,35,38,40,57,58
NodeId:9	0.964190295689,0.965734787081,33,39,41,43,51,69,80
NodeId:90	0.84310099329,0.844525919491,1,26,52,93,96
NodeId:91	1.02644105422,1.0284702655,12,24,66,81,95
NodeId:92	1.14603049772,1.14838880872,22,34,39,57
NodeId:93	1.81128136738,1.81503594687,15,43,66,75
NodeId:94	0.971946910597,0.973845855278,4,17,20,90
NodeId:95	0.778918951409,0.780457877004,76,88
NodeId:96	1.25776974616,1.26023139465,12,13,24,31,60,74
NodeId:97	0.415553932339,0.416149958397,37,50,62,89
NodeId:98	1.02045023549,1.02231996353,5,13,15,28,49,66,92,94
NodeId:99	0.926632983625,0.928510493477,1,83
