0	0.671616402361,0.67161830651,1,15,66,96
1	0.192923971886,0.192924103798,37,72
10	1.09394194026,1.09394493552,4,6,38,67,78,80
11	0.567544554238,0.567545863162,6,28,40,49,51,67,89
12	0.507101678298,0.507102686809,24,28,50,55,67,85,98
13	0.809978770662,0.809980967762,25,32,33,35,76
14	1.10877788867,1.10878102009,36,39,44,62,98
15	0.303309093175,0.303309481262,47,70,79,95,97
16	1.68246098665,1.68246641521,45,52,67,80
17	0.223615860626,0.223616062487,18,39,41,53,63,72,79,99
18	0.846775878192,0.846778352645,52,61,62,87
19	1.57308457432,1.57308957857,27,33,37,45,92
2	0.750511679931,0.75051383289,31,63
20	1.35924843723,1.35925255247,7,94
21	1.0083263098,1.00832950096
22	2.55150230975,2.55150750788,25,65,72,83,97
23	0.358026888919,0.358027503819,92,99
24	0.494605880308,0.494606936991,9,10,18,38,55,93,94
25	1.65411205086,1.65411724301,63
26	0.721453040859,0.721454556114,15,23,28,64
27	1.67369649585,1.67370195079,32,68,70,92
28	1.09517959481,1.09518298077,21,25,72
29	1.12527195532,1.12527521843,18,23,31,36,86
3	0.362382888928,0.362383514718,30,42,45,86
30	1.47938752127,1.47939228876,80,84,95
31	0.572240099267,0.572241494887,29,36,46,49,54,62,70,85
32	1.64108441731,1.6410897443,2,3,6,27,47,69,71,91
33	1.41364354862,1.41364799213,2,56,58,86
34	1.23796035563,1.23796448453,0,7,77,78
35	0.240086563625,0.240086894492,12,18,62,64,65,66,83,91
36	1.00486244109,1.0048650629,12,20,30,34,61,75,77,99
37	1.22390057106,1.22390420767,40,59,71,97
38	0.592924042786,0.592925745616,30,41,98
39	1.18012606675,1.18012959606,31,43,68,71,92
4	1.36027070994,1.3602748404,24,42,46,86
40	0.606102232533,0.606103770308,7,71,72,73
41	1.28926680542,1.28927034663,44,45,49,66
42	0.15,0.15,36,45,70,89,99
43	0.54047755133,0.540478790141,4,21,24,56,67,68,80,86,90
44	1.56325634106,1.56326132748,17,37,38
45	1.60851042971,1.60851538837,18,53,58,83,86,90
46	0.756396282809,0.756398386693,78
47	0.259091692663,0.259091926604,5,14,52,70,73
48	0.556686201109,0.556687633835,18,39,61,79,89
49	0.15,0.15,2,29,31,39,84
5	1.34552512737,1.34552903125,2,9,24,50,61,81,98
50	0.227251708322,0.227251923913,0,20,46,68
51	1.48456194445,1.48456611934,38,45,61,71
52	0.507524113232,0.507525503596,27,31,64,91
53	0.7605972612,0.760599129113,2,13,65,78,95
54	0.630048858562,0.630050509512,12,69,77
55	0.785608825477,0.785610730496,10,19,22,25,51,58,62
56	0.569388709459,0.56939014884,29,36,80,96,98
57	0.317615979738,0.317616579439,86,94,96,98
58	1.31733107404,1.31733520586,16,38,71,73,78
59	0.451488873979,0.451489922514,10,24,69,92
6	1.19863582854,1.19863938136,15,22,58,80
60	0.399665641578,0.399666423892,14,49,53,56,65
61	0.91556328131,0.915565891442,6,9,18,20,99
62	0.270146130292,0.270146466222,11,22,33,91
63	0.762376782345,0.762378714603,3,64,65,72
64	2.5905420949,2.59055114503,3,27,28,31,33,39,78
65	1.07351938911,1.07352208171,27,88
66	1.34607972874,1.34608348742,8,19,72,81,83,98
67	1.03003809467,1.03004112448,2,26,30,31,32,45
68	0.909550262236,0.909552949146,1,6,19,28,40,81,85
69	0.201045219069,0.201045360084,12,22,42,46,55,72,88
7	1.18857268187,1.18857632033,12,21,38,57,93
70	1.21214105053,1.21214494949,20,63,99
71	1.24332229293,1.24332570366,15,16,45,84,97
72	0.90393764137,0.903940290589,10,49,51,92,93,95
73	1.53897223555,1.53897630631,41,50,51,84,92
74	0.499283391389,0.499284459162,35,54,84
75	0.847870956314,0.847873539997,29,34,37,51,54,65,85,91
76	0.287696764519,0.287697214697,9
77	0.656482602023,0.656484275901,0,5,32,37,40,41,44,69,79,83,85,86,87
78	1.45567672173,1.45568170434,13,19,34,82
79	1.23680740539,1.23681126804,0,26,43,74,90
8	0.584500756028,0.584501959345,13,41,59,87
80	0.52145296468,0.521454277498,31,79
81	2.07424525701,2.07425213182,5,21,26,78,93,96
82	0.622718030253,0.622719877751,2,23,24,32,52,53
83	0.808284997985,0.808287110793,1,4,10,18,27,29,70
84	0.880062494118,0.880064580153,9,21
85	1.38036279436,1.38036689196,32,54,57,64,69,90,99
86	0.344587290338,0.344587900717,11,60,71,95
87	1.70124467966,1.70124991965,8,19,20,27,30,47,54,63
88	0.545304913748,0.545306176387,21,26,44,50,55,82
89	0.606246884727,0.606248263983,16,32,35,38,40,57,58
9	0.956474190704,0.956476478541,33,39,41,43,51,69,80
90	0.836648913157,0.836650841073,1,26,52,93,96
91	1.01615929083,1.01616236168,12,24,66,81,95
92	1.1348229262,1.13482627474,22,34,39,57
93	1.79221138531,1.79221707207,15,43,66,75
94	0.962742647636,0.962745394007,4,17,20,90
95	0.771687929334,0.771690096459,76,88
96	1.24546018802,1.24546385418,12,13,24,31,60,74
97	0.412927981437,0.4129287598,37,50,62,89
98	1.01183154839,1.01183412638,5,13,15,28,49,66,92,94
99	0.918440205474,0.918442656344,1,83
i	46
