0	0.674118546204,0.674633725714,1,15,66,96
1	0.193097180745,0.193132964848,37,72
10	1.09787708537,1.09869075729,4,6,38,67,78,80
11	0.569264757337,0.569619040049,6,28,40,49,51,67,89
12	0.508426545578,0.508700135083,24,28,50,55,67,85,98
13	0.812865522446,0.813460985337,25,32,33,35,76
14	1.11289304787,1.11374159376,36,39,44,62,98
15	0.303818999455,0.303924689905,47,70,79,95,97
16	1.68959505553,1.69106365692,45,52,67,80
17	0.223880949742,0.223935934954,18,39,41,53,63,72,79,99
18	0.850027124729,0.850697261618,52,61,62,87
19	1.57966147496,1.58101464813,27,33,37,45,92
2	0.753340827143,0.753923386723,31,63
20	1.36465614348,1.36576956297,7,94
21	1.01251882928,1.01338317478
22	2.55833197421,2.55974032838,25,65,72,83,97
23	0.358834871123,0.359001289488,92,99
24	0.495994681567,0.496280353304,9,10,18,38,55,93,94
25	1.66093451248,1.6623389416,63
26	0.723444223332,0.723854115086,15,23,28,64
27	1.68086374619,1.68234291959,32,68,70,92
28	1.0996290782,1.1005448626,21,25,72
29	1.12956000449,1.13044518889,18,23,31,36,86
3	0.363205095969,0.363374754819,30,42,45,86
30	1.48565193245,1.48694509355,80,84,95
31	0.574074271068,0.574452233124,29,36,46,49,54,62,70,85
32	1.64808434659,1.64952700883,2,3,6,27,47,69,71,91
33	1.41948263067,1.42068461409,2,56,58,86
34	1.24338557488,1.24450454214,0,7,77,78
35	0.240521343104,0.240610919584,12,18,62,64,65,66,83,91
36	1.00830794304,1.00901556472,12,20,30,34,61,75,77,99
37	1.22867883987,1.22966370521,40,59,71,97
38	0.595161422159,0.595622638701,30,41,98
39	1.184763346,1.18572072214,31,43,68,71,92
4	1.36569882483,1.36681517272,24,42,46,86
40	0.608122814635,0.608539174441,7,71,72,73
41	1.29391987362,1.2948810628,44,45,49,66
42	0.15,0.15,36,45,70,89,99
43	0.542105116431,0.542440892824,4,21,24,56,67,68,80,86,90
44	1.56980952921,1.57115796056,17,37,38
45	1.61502672765,1.61637167807,18,53,58,83,86,90
46	0.759160471214,0.759730178546,78
47	0.259399138078,0.259462575103,5,14,52,70,73
48	0.558568996451,0.558956570446,18,39,61,79,89
49	0.15,0.15,2,29,31,39,84
5	1.35065559582,1.35171349569,2,9,24,50,61,81,98
50	0.227534712046,0.227593356746,0,20,46,68
51	1.49004827214,1.49117824455,38,45,61,71
52	0.509351027096,0.509727978429,27,31,64,91
53	0.763051662256,0.763558606452,2,13,65,78,95
54	0.632218632352,0.63266440827,12,69,77
55	0.78811183135,0.788627718905,10,19,22,25,51,58,62
56	0.571279989651,0.571669134502,29,36,80,96,98
57	0.318403901768,0.318565854029,86,94,96,98
58	1.32276001794,1.32387777575,16,38,71,73,78
59	0.452866937469,0.453150299034,10,24,69,92
6	1.20330488979,1.20426700383,15,22,58,80
60	0.400693693716,0.400905767,14,49,53,56,65
61	0.918993087574,0.919701362736,6,9,18,20,99
62	0.270587527181,0.270678273524,11,22,33,91
63	0.764916069952,0.76543888568,3,64,65,72
64	2.60243237466,2.60488371378,3,27,28,31,33,39,78
65	1.07705782829,1.07778711862,27,88
66	1.35101956008,1.35203728654,8,19,72,81,83,98
67	1.03401931868,1.0348395896,2,26,30,31,32,45
68	0.913081838768,0.913807659952,1,6,19,28,40,81,85
69	0.201230528767,0.201268585653,12,22,42,46,55,72,88
7	1.19335356001,1.1943372106,12,21,38,57,93
70	1.21726450924,1.21831830213,20,63,99
71	1.24780451216,1.24872926532,15,16,45,84,97
72	0.907418972207,0.908136745342,10,49,51,92,93,95
73	1.54432091986,1.54542318581,41,50,51,84,92
74	0.50068657623,0.500975717202,35,54,84
75	0.851265769282,0.851965582153,29,34,37,51,54,65,85,91
76	0.288288367507,0.288409959978,9
77	0.65868131767,0.659133352573,0,5,32,37,40,41,44,69,79,83,85,86,87
78	1.46222399159,1.46357229815,13,19,34,82
79	1.24188292296,1.24292789818,0,26,43,74,90
8	0.586081936398,0.586407688434,13,41,59,87
80	0.523178170072,0.523533525422,31,79
81	2.08328008077,2.08513819957,5,21,26,78,93,96
82	0.625145752119,0.625645955282,2,23,24,32,52,53
83	0.811060575343,0.811634978052,1,4,10,18,27,29,70
84	0.882803934502,0.88336793317,9,21
85	1.38574805488,1.38685566162,32,54,57,64,69,90,99
86	0.345389254537,0.345554493282,11,60,71,95
87	1.70813026531,1.70954874803,8,19,20,27,30,47,54,63
88	0.546963339567,0.547303849737,21,26,44,50,55,82
89	0.608059525414,0.60843135082,16,32,35,38,40,57,58
9	0.959480590383,0.960100757266,33,39,41,43,51,69,80
90	0.839182149608,0.83970307064,1,26,52,93,96
91	1.02019477842,1.02102605246,12,24,66,81,95
92	1.13922295372,1.14012981784,22,34,39,57
93	1.79968404278,1.80122410748,15,43,66,75
94	0.966351278145,0.967094584825,4,17,20,90
95	0.774536402758,0.775120945865,76,88
96	1.25027709563,1.25127080396,12,13,24,31,60,74
97	0.413951172388,0.414161618135,37,50,62,89
98	1.01521914081,1.01591864068,5,13,15,28,49,66,92,94
99	0.92166105283,0.922322935773,1,83
i	16
