i	29
NodeId:0	0.671874365155,0.671929221703,1,15,66,96
NodeId:1	0.192941842533,0.192945642764,37,72
NodeId:10	1.0943477198,1.09443400994,4,6,38,67,78,80
NodeId:11	0.567721879335,0.567759588013,6,28,40,49,51,67,89
NodeId:12	0.507238305514,0.507267359659,24,28,50,55,67,85,98
NodeId:13	0.810276420554,0.810339716626,25,32,33,35,76
NodeId:14	1.1092021144,1.10929232711,36,39,44,62,98
NodeId:15	0.303361668905,0.303372849291,47,70,79,95,97
NodeId:16	1.68319641511,1.68335280619,45,52,67,80
NodeId:17	0.223643207459,0.223649022829,18,39,41,53,63,72,79,99
NodeId:18	0.847111102026,0.847182388413,52,61,62,87
NodeId:19	1.57376251943,1.57390668642,27,33,37,45,92
NodeId:2	0.750803349449,0.750865373863,31,63
NodeId:20	1.35980594457,1.35992450008,7,94
NodeId:21	1.00875862849,1.00885056235
NodeId:22	2.55220652164,2.55235627429,25,65,72,83,97
NodeId:23	0.358110191895,0.358127906519,92,99
NodeId:24	0.494749033566,0.494779475573,9,10,18,38,55,93,94
NodeId:25	1.6548154518,1.65496503208,63
NodeId:26	0.721658318456,0.721701971316,15,23,28,64
NodeId:27	1.6744354986,1.67459264957,32,68,70,92
NodeId:28	1.09563830424,1.09573585011,21,25,72
NodeId:29	1.12571402095,1.12580802742,18,23,31,36,86
NodeId:3	0.362467667233,0.362485695597,30,42,45,86
NodeId:30	1.48003339212,1.48017073828,80,84,95
NodeId:31	0.572429169623,0.572469375971,29,36,46,49,54,62,70,85
NodeId:32	1.64180608527,1.64195954994,2,3,6,27,47,69,71,91
NodeId:33	1.41424552863,1.41437354134,2,56,58,86
NodeId:34	1.23851971277,1.23863866159,0,7,77,78
NodeId:35	0.240131387452,0.240140919372,12,18,62,64,65,66,83,91
NodeId:36	1.00521762832,1.00529316,12,20,30,34,61,75,77,99
NodeId:37	1.22439323671,1.22449800355,40,59,71,97
NodeId:38	0.593154731814,0.593203788573,30,41,98
NodeId:39	1.18060419727,1.18070587305,31,43,68,71,92
NodeId:4	1.36083028041,1.36094927468,24,42,46,86
NodeId:40	0.606310560866,0.606354862485,7,71,72,73
NodeId:41	1.28974654797,1.28984856651,44,45,49,66
NodeId:42	0.15,0.15,36,45,70,89,99
NodeId:43	0.540645377992,0.540681066808,4,21,24,56,67,68,80,86,90
NodeId:44	1.56393187067,1.56407552405,17,37,38
NodeId:45	1.60918219933,1.60932505302,18,53,58,83,86,90
NodeId:46	0.756681304369,0.756741915039,78
NodeId:47	0.259123385541,0.259130125111,5,14,52,70,73
NodeId:48	0.556880298142,0.556921573429,18,39,61,79,89
NodeId:49	0.15,0.15,2,29,31,39,84
NodeId:5	1.34605400147,1.346166468,2,9,24,50,61,81,98
NodeId:50	0.227280915387,0.227287126325,0,20,46,68
NodeId:51	1.48512753385,1.48524780815,38,45,61,71
NodeId:52	0.507712471316,0.507752526239,27,31,64,91
NodeId:53	0.760850315039,0.760904127625,2,13,65,78,95
NodeId:54	0.63027251941,0.630320081555,12,69,77
NodeId:55	0.785866905918,0.785921787458,10,19,22,25,51,58,62
NodeId:56	0.569583708133,0.569625175179,29,36,80,96,98
NodeId:57	0.317697223693,0.317714500489,86,94,96,98
NodeId:58	1.31789082876,1.31800986222,16,38,71,73,78
NodeId:59	0.451630923303,0.45166113048,10,24,69,92
NodeId:6	1.19911714334,1.19921949622,15,22,58,80
NodeId:60	0.399771624855,0.39979416248,14,49,53,56,65
NodeId:61	0.915916886134,0.915992081203,6,9,18,20,99
NodeId:62	0.270191640166,0.270201317985,11,22,33,91
NodeId:63	0.762638553095,0.76269421942,3,64,65,72
NodeId:64	2.59176815388,2.5920288789,3,27,28,31,33,39,78
NodeId:65	1.07388416612,1.07396173692,27,88
NodeId:66	1.34658893267,1.34669721634,8,19,72,81,83,98
NodeId:67	1.03044855568,1.03053584147,2,26,30,31,32,45
NodeId:68	0.909914268871,0.909991675856,1,6,19,28,40,81,85
NodeId:69	0.201064322976,0.201068385477,12,22,42,46,55,72,88
NodeId:7	1.18906559785,1.18917041787,12,21,38,57,93
NodeId:70	1.21266925885,1.21278158389,20,63,99
NodeId:71	1.24378435894,1.24388261858,15,16,45,84,97
NodeId:72	0.904296541861,0.904372863064,10,49,51,92,93,95
NodeId:73	1.53952371763,1.53964099187,41,50,51,84,92
NodeId:74	0.499428046806,0.499458808174,35,54,84
NodeId:75	0.848220978127,0.848295411314,29,34,37,51,54,65,85,91
NodeId:76	0.287757751826,0.287770720941,9
NodeId:77	0.656709368958,0.656757591688,0,5,32,37,40,41,44,69,79,83,85,86,87
NodeId:78	1.45635173591,1.45649527965,13,19,34,82
NodeId:79	1.23733069335,1.2374419719,0,26,43,74,90
NodeId:8	0.584663774276,0.584698440584,13,41,59,87
NodeId:80	0.52163081723,0.521668638128,31,79
NodeId:81	2.07517661558,2.07537467178,5,21,26,78,93,96
NodeId:82	0.62296831804,0.62302154246,2,23,24,32,52,53
NodeId:83	0.8085712286,0.808632096325,1,4,10,18,27,29,70
NodeId:84	0.88034509769,0.880405194131,9,21
NodeId:85	1.38091791235,1.38103595983,32,54,57,64,69,90,99
NodeId:86	0.344669980801,0.344687565158,11,60,71,95
NodeId:87	1.70195456225,1.70210552077,8,19,20,27,30,47,54,63
NodeId:88	0.545475968525,0.545512343909,21,26,44,50,55,82
NodeId:89	0.606433738191,0.606473473188,16,32,35,38,40,57,58
NodeId:9	0.956784133328,0.956850043507,33,39,41,43,51,69,80
NodeId:90	0.836910095475,0.836965636753,1,26,52,93,96
NodeId:91	1.01657531188,1.01666377993,12,24,66,81,95
NodeId:92	1.13527656672,1.1353730347,22,34,39,57
NodeId:93	1.79298179267,1.7931456219,15,43,66,75
NodeId:94	0.963114709782,0.963193829896,4,17,20,90
NodeId:95	0.771981518471,0.772043951021,76,88
NodeId:96	1.24595685673,1.24606247477,12,13,24,31,60,74
NodeId:97	0.413033429538,0.413055853394,37,50,62,89
NodeId:98	1.01218079915,1.01225506826,5,13,15,28,49,66,92,94
NodeId:99	0.918772234322,0.918842841329,1,83
