i	34
NodeId:0	0.671712195383,0.671733763097,1,15,66,96
NodeId:1	0.192930608047,0.192932102173,37,72
NodeId:10	1.09409262415,1.0941265505,4,6,38,67,78,80
NodeId:11	0.567610402901,0.567625228671,6,28,40,49,51,67,89
NodeId:12	0.507152414032,0.50716383714,24,28,50,55,67,85,98
NodeId:13	0.810089301243,0.810114187108,25,32,33,35,76
NodeId:14	1.10893542247,1.10897089107,36,39,44,62,98
NodeId:15	0.303328616873,0.303333012617,47,70,79,95,97
NodeId:16	1.68273408383,1.68279557142,45,52,67,80
NodeId:17	0.223626015714,0.223628302124,18,39,41,53,63,72,79,99
NodeId:18	0.846900361648,0.84692838899,52,61,62,87
NodeId:19	1.57333632537,1.57339300689,27,33,37,45,92
NodeId:2	0.750619989746,0.750644375606,31,63
NodeId:20	1.3594554644,1.35950207639,7,94
NodeId:21	1.00848684888,1.00852299411
NodeId:22	2.55176381481,2.55182269245,25,65,72,83,97
NodeId:23	0.358057823002,0.358064787785,92,99
NodeId:24	0.494659039458,0.494671008193,9,10,18,38,55,93,94
NodeId:25	1.65437325479,1.65443206463,63
NodeId:26	0.721529269525,0.721546432343,15,23,28,64
NodeId:27	1.67397092028,1.67403270671,32,68,70,92
NodeId:28	1.09534993394,1.09538828565,21,25,72
NodeId:29	1.12543611387,1.12547307403,18,23,31,36,86
NodeId:3	0.362414370867,0.362421458998,30,42,45,86
NodeId:30	1.4796273617,1.47968136157,80,84,95
NodeId:31	0.572310309461,0.572326117225,29,36,46,49,54,62,70,85
NodeId:32	1.64135240457,1.64141274167,2,3,6,27,47,69,71,91
NodeId:33	1.41386709046,1.41391742071,2,56,58,86
NodeId:34	1.23816806971,1.23821483635,0,7,77,78
NodeId:35	0.240103208696,0.24010695632,12,18,62,64,65,66,83,91
NodeId:36	1.00499433785,1.00502403429,12,20,30,34,61,75,77,99
NodeId:37	1.22408351963,1.22412471034,40,59,71,97
NodeId:38	0.59300970784,0.593028995252,30,41,98
NodeId:39	1.18030361777,1.18034359324,31,43,68,71,92
NodeId:4	1.36047850324,1.36052528772,24,42,46,86
NodeId:40	0.60617959407,0.606197011953,7,71,72,73
NodeId:41	1.28944495506,1.28948506529,44,45,49,66
NodeId:42	0.15,0.15,36,45,70,89,99
NodeId:43	0.540539872801,0.540553904427,4,21,24,56,67,68,80,86,90
NodeId:44	1.56350719515,1.56356367473,17,37,38
NodeId:45	1.60875988751,1.60881605272,18,53,58,83,86,90
NodeId:46	0.756502123936,0.756525953975,78
NodeId:47	0.259103461634,0.259106111407,5,14,52,70,73
NodeId:48	0.556758277936,0.556774505971,18,39,61,79,89
NodeId:49	0.15,0.15,2,29,31,39,84
NodeId:5	1.34572152175,1.34576573978,2,9,24,50,61,81,98
NodeId:50	0.227262554195,0.227264996134,0,20,46,68
NodeId:51	1.48477197285,1.48481926056,38,45,61,71
NodeId:52	0.507594058927,0.507609807139,27,31,64,91
NodeId:53	0.760691231288,0.760712388571,2,13,65,78,95
NodeId:54	0.630131913741,0.630150613542,12,69,77
NodeId:55	0.785704662172,0.785726239721,10,19,22,25,51,58,62
NodeId:56	0.569461121109,0.569477424529,29,36,80,96,98
NodeId:57	0.317646149216,0.317652941849,86,94,96,98
NodeId:58	1.31753893576,1.31758573565,16,38,71,73,78
NodeId:59	0.451541623183,0.45155349962,10,24,69,92
NodeId:6	1.19881456203,1.19885480373,15,22,58,80
NodeId:60	0.39970499786,0.399713858895,14,49,53,56,65
NodeId:61	0.915694590432,0.915724154567,6,9,18,20,99
NodeId:62	0.270163030124,0.270166835106,11,22,33,91
NodeId:63	0.762473989417,0.762495875504,3,64,65,72
NodeId:64	2.59099738489,2.59109989303,3,27,28,31,33,39,78
NodeId:65	1.07365484696,1.07368534518,27,88
NodeId:66	1.34626881872,1.34631139217,8,19,72,81,83,98
NodeId:67	1.03019051702,1.03022483478,2,26,30,31,32,45
NodeId:68	0.909685434026,0.90971586784,1,6,19,28,40,81,85
NodeId:69	0.201052313196,0.201053910432,12,22,42,46,55,72,88
NodeId:7	1.18875572341,1.18879693505,12,21,38,57,93
NodeId:70	1.21233719768,1.21238136005,20,63,99
NodeId:71	1.2434938785,1.24353251084,15,16,45,84,97
NodeId:72	0.904070917013,0.904100923911,10,49,51,92,93,95
NodeId:73	1.53917702528,1.53922313351,41,50,51,84,92
NodeId:74	0.49933710835,0.499349202679,35,54,84
NodeId:75	0.848000934926,0.848030199497,29,34,37,51,54,65,85,91
NodeId:76	0.287719411809,0.287724510826,9
NodeId:77	0.656566810637,0.65658577013,0,5,32,37,40,41,44,69,79,83,85,86,87
NodeId:78	1.45592738439,1.45598382087,13,19,34,82
NodeId:79	1.23700172538,1.23704547635,0,26,43,74,90
NodeId:8	0.584561291917,0.58457492152,13,41,59,87
NodeId:80	0.521519009213,0.521533879081,31,79
NodeId:81	2.07459111171,2.0746689806,5,21,26,78,93,96
NodeId:82	0.622810973194,0.622831899216,2,23,24,32,52,53
NodeId:83	0.808391288073,0.808415219194,1,4,10,18,27,29,70
NodeId:84	0.880167437341,0.880191065216,9,21
NodeId:85	1.38056893427,1.38061534649,32,54,57,64,69,90,99
NodeId:86	0.344617996968,0.344624910539,11,60,71,95
NodeId:87	1.7015082905,1.70156764225,8,19,20,27,30,47,54,63
NodeId:88	0.54536843397,0.545382735491,21,26,44,50,55,82
NodeId:89	0.606316271701,0.606331894119,16,32,35,38,40,57,58
NodeId:9	0.956589286128,0.956615199763,33,39,41,43,51,69,80
NodeId:90	0.836745901725,0.836767738617,1,26,52,93,96
NodeId:91	1.01631377787,1.01634856049,12,24,66,81,95
NodeId:92	1.13499138302,1.13502931093,22,34,39,57
NodeId:93	1.79249747168,1.79256188378,15,43,66,75
NodeId:94	0.962880810791,0.962911918108,4,17,20,90
NodeId:95	0.771796951991,0.771821498351,76,88
NodeId:96	1.2456446231,1.2456861485,12,13,24,31,60,74
NodeId:97	0.412967138988,0.412975955277,37,50,62,89
NodeId:98	1.01196124065,1.01199044075,5,13,15,28,49,66,92,94
NodeId:99	0.918563502502,0.918591262718,1,83
