0	0.671759758045,0.671791089019,1,15,66,96
1	0.192933903001,0.192936073485,37,72
10	1.09416744097,1.09421672506,4,6,38,67,78,80
11	0.567643097747,0.56766463483,6,28,40,49,51,67,89
12	0.507177605083,0.507194199192,24,28,50,55,67,85,98
13	0.81014418133,0.810180332503,25,32,33,35,76
14	1.10901364035,1.10906516484,36,39,44,62,98
15	0.30333831068,0.303344696287,47,70,79,95,97
16	1.68286968065,1.6829590024,45,52,67,80
17	0.223631057868,0.223634379287,18,39,41,53,63,72,79,99
18	0.846962169545,0.847002884281,52,61,62,87
19	1.57346132352,1.5735436636,27,33,37,45,92
2	0.750673767185,0.750709192019,31,63
20	1.35955825649,1.35962596875,7,94
21	1.00856655893,1.00861906636
22	2.55189365598,2.5519791863,25,65,72,83,97
23	0.358073182239,0.358083299832,92,99
24	0.49468543377,0.494702820506,9,10,18,38,55,93,94
25	1.65450294644,1.65458837827,63
26	0.721567118197,0.72159205026,15,23,28,64
27	1.67410717612,1.67419693196,32,68,70,92
28	1.09543450987,1.09549022259,21,25,72
29	1.12551762104,1.12557131229,18,23,31,36,86
3	0.36243000212,0.362440298901,30,42,45,86
30	1.47974644607,1.47982489053,80,84,95
31	0.572345169871,0.572368133476,29,36,46,49,54,62,70,85
32	1.64148546425,1.64157311468,2,3,6,27,47,69,71,91
33	1.41397808232,1.41405119602,2,56,58,86
34	1.23827120284,1.23833913976,0,7,77,78
35	0.240111473224,0.240116917319,12,18,62,64,65,66,83,91
36	1.00505982656,1.00510296597,12,20,30,34,61,75,77,99
37	1.22417435633,1.22423419323,40,59,71,97
38	0.59305224182,0.593080260246,30,41,98
39	1.18039177452,1.18044984603,31,43,68,71,92
4	1.36058167572,1.36064963855,24,42,46,86
40	0.60621800523,0.606243307822,7,71,72,73
41	1.28953340902,1.28959167631,44,45,49,66
42	0.15,0.15,36,45,70,89,99
43	0.540570816342,0.540591199793,4,21,24,56,67,68,80,86,90
44	1.56363174795,1.56371379466,17,37,38
45	1.60888374703,1.60896533705,18,53,58,83,86,90
46	0.756554675637,0.756589293041,78
47	0.259109305102,0.259113154373,5,14,52,70,73
48	0.556794065157,0.556817639287,18,39,61,79,89
49	0.15,0.15,2,29,31,39,84
5	1.34581903449,1.34588326909,2,9,24,50,61,81,98
50	0.227267939334,0.227271486685,0,20,46,68
51	1.48487625509,1.48494494896,38,45,61,71
52	0.50762878801,0.50765166511,27,31,64,91
53	0.760737888842,0.76076862358,2,13,65,78,95
54	0.630173151877,0.63020031669,12,69,77
55	0.785752246525,0.785783591779,10,19,22,25,51,58,62
56	0.569497074573,0.569520758215,29,36,80,96,98
57	0.317661128814,0.317670996331,86,94,96,98
58	1.31764214221,1.31771012744,16,38,71,73,78
59	0.451567813949,0.451585066603,10,24,69,92
6	1.19890330588,1.19896176414,15,22,58,80
60	0.399724538843,0.399737411077,14,49,53,56,65
61	0.915759787372,0.915802734567,6,9,18,20,99
62	0.270171421144,0.270176948563,11,22,33,91
63	0.762522254179,0.76255404764,3,64,65,72
64	2.59122344317,2.59137235461,3,27,28,31,33,39,78
65	1.07372210381,1.07376640794,27,88
66	1.34636270472,1.34642455028,8,19,72,81,83,98
67	1.030266197,1.03031604969,2,26,30,31,32,45
68	0.909752548838,0.909796759396,1,6,19,28,40,81,85
69	0.201055835536,0.201058155808,12,22,42,46,55,72,88
7	1.18884660627,1.18890647356,12,21,38,57,93
70	1.21243458767,1.21249874142,20,63,99
71	1.2435790733,1.24363519369,15,16,45,84,97
72	0.904137090364,0.904180680755,10,49,51,92,93,95
73	1.53927870644,1.5393456869,41,50,51,84,92
74	0.499363779623,0.499381348798,35,54,84
75	0.848065471247,0.848107983282,29,34,37,51,54,65,85,91
76	0.287730656526,0.287738063762,9
77	0.656608621469,0.656636163542,0,5,32,37,40,41,44,69,79,83,85,86,87
78	1.45605184215,1.45613382624,13,19,34,82
79	1.23709820815,1.23716176427,0,26,43,74,90
8	0.584591348894,0.584611148329,13,41,59,87
80	0.52155180131,0.521573402462,31,79
81	2.07476283373,2.07487595225,5,21,26,78,93,96
82	0.622857120751,0.622887519552,2,23,24,32,52,53
83	0.808444062695,0.808478826929,1,4,10,18,27,29,70
84	0.880219543219,0.880253866935,9,21
85	1.38067128581,1.38073870788,32,54,57,64,69,90,99
86	0.344633243269,0.344643286469,11,60,71,95
87	1.70163917722,1.70172539627,8,19,20,27,30,47,54,63
88	0.545399972708,0.545420748239,21,26,44,50,55,82
89	0.606350723374,0.606373417733,16,32,35,38,40,57,58
9	0.956646432722,0.956684076925,33,39,41,43,51,69,80
90	0.836794057998,0.83682578,1,26,52,93,96
91	1.01639048299,1.01644101098,12,24,66,81,95
92	1.13507502435,1.13513012143,22,34,39,57
93	1.79263951783,1.79273308794,15,43,66,75
94	0.962949410863,0.962994599817,4,17,20,90
95	0.771851083367,0.771886741351,76,88
96	1.24573619788,1.24579652095,12,13,24,31,60,74
97	0.412986581296,0.412999388534,37,50,62,89
98	1.0120256348,1.01206805316,5,13,15,28,49,66,92,94
99	0.918624721315,0.918665048011,1,83
i	31
