i	13
NodeId:0	0.676890116429,0.67794318451,1,15,66,96
NodeId:1	0.193291737981,0.193361873441,37,72
NodeId:10	1.10224637927,1.10406565574,4,6,38,67,78,80
NodeId:11	0.571195472075,0.571917277078,6,28,40,49,51,67,89
NodeId:12	0.509898715179,0.5104759013,24,28,50,55,67,85,98
NodeId:13	0.816089729373,0.817337577296,25,32,33,35,76
NodeId:14	1.11747895403,1.11927735902,36,39,44,62,98
NodeId:15	0.30438076281,0.304609535018,47,70,79,95,97
NodeId:16	1.69753521345,1.70062811584,45,52,67,80
NodeId:17	0.224171462062,0.224311660411,18,39,41,53,63,72,79,99
NodeId:18	0.853629595386,0.85508725222,52,61,62,87
NodeId:19	1.58699727931,1.58988536778,27,33,37,45,92
NodeId:2	0.756491409128,0.757725622601,31,63
NodeId:20	1.37068908968,1.37300274599,7,94
NodeId:21	1.01715387197,1.01905199072
NodeId:22	2.56593654288,2.56895549054,25,65,72,83,97
NodeId:23	0.359732524762,0.360084812605,92,99
NodeId:24	0.497531102339,0.498148053751,9,10,18,38,55,93,94
NodeId:25	1.66851934887,1.67149955963,63
NodeId:26	0.725669821532,0.72649770734,15,23,28,64
NodeId:27	1.68886112637,1.69202199062,32,68,70,92
NodeId:28	1.10460375591,1.10643936367,21,25,72
NodeId:29	1.13432498182,1.13617846782,18,23,31,36,86
NodeId:3	0.364110370913,0.364473351501,30,42,45,86
NodeId:30	1.49263516035,1.49535917749,80,84,95
NodeId:31	0.576130008685,0.576924961426,29,36,46,49,54,62,70,85
NodeId:32	1.6558853731,1.65894772065,2,3,6,27,47,69,71,91
NodeId:33	1.42600182876,1.42853131606,2,56,58,86
NodeId:34	1.24942364746,1.25177709693,0,7,77,78
NodeId:35	0.241001310908,0.241193346771,12,18,62,64,65,66,83,91
NodeId:36	1.01213015421,1.0136357058,12,20,30,34,61,75,77,99
NodeId:37	1.23398681527,1.23614270499,40,59,71,97
NodeId:38	0.597630969871,0.598656048292,30,41,98
NodeId:39	1.18992814347,1.19199143602,31,43,68,71,92
NodeId:4	1.37176275113,1.37406084256,24,42,46,86
NodeId:40	0.610378315616,0.611247032229,7,71,72,73
NodeId:41	1.29913158907,1.30113520001,44,45,49,66
NodeId:42	0.15,0.15,36,45,70,89,99
NodeId:43	0.54390791733,0.544641304482,4,21,24,56,67,68,80,86,90
NodeId:44	1.57712108132,1.57987401131,17,37,38
NodeId:45	1.62227625173,1.62520635012,18,53,58,83,86,90
NodeId:46	0.762237842659,0.763482422281,78
NodeId:47	0.259740883067,0.259870439023,5,14,52,70,73
NodeId:48	0.560667653241,0.561478357239,18,39,61,79,89
NodeId:49	0.15,0.15,2,29,31,39,84
NodeId:5	1.3563674564,1.35866014065,2,9,24,50,61,81,98
NodeId:50	0.227851273765,0.227965204306,0,20,46,68
NodeId:51	1.49616624921,1.49851006109,38,45,61,71
NodeId:52	0.511383474616,0.512213304991,27,31,64,91
NodeId:53	0.765786060187,0.766871272932,2,13,65,78,95
NodeId:54	0.634647444235,0.635594526871,12,69,77
NodeId:55	0.790893342145,0.791981227408,10,19,22,25,51,58,62
NodeId:56	0.573388176427,0.574170941206,29,36,80,96,98
NodeId:57	0.319278486898,0.31963637199,86,94,96,98
NodeId:58	1.32880373718,1.33116447198,16,38,71,73,78
NodeId:59	0.454409028329,0.455027066935,10,24,69,92
NodeId:6	1.20853645383,1.21055113043,15,22,58,80
NodeId:60	0.401840562335,0.402276037299,14,49,53,56,65
NodeId:61	0.922818382755,0.924345070876,6,9,18,20,99
NodeId:62	0.271078113825,0.271276111487,11,22,33,91
NodeId:63	0.767755828946,0.768849360203,3,64,65,72
NodeId:64	2.61566445351,2.62081472333,3,27,28,31,33,39,78
NodeId:65	1.08099700804,1.08258534766,27,88
NodeId:66	1.35653379148,1.35862444772,8,19,72,81,83,98
NodeId:67	1.03843997643,1.04019004635,2,26,30,31,32,45
NodeId:68	0.917045124275,0.918483634818,1,6,19,28,40,81,85
NodeId:69	0.201438345423,0.201512714875,12,22,42,46,55,72,88
NodeId:7	1.19869467116,1.20074485549,12,21,38,57,93
NodeId:70	1.2229708344,1.22514353094,20,63,99
NodeId:71	1.25280398352,1.25474142118,15,16,45,84,97
NodeId:72	0.911305311238,0.912814361166,10,49,51,92,93,95
NodeId:73	1.55026334128,1.5525921862,41,50,51,84,92
NodeId:74	0.502252016355,0.502852070968,35,54,84
NodeId:75	0.855040961726,0.856482926188,29,34,37,51,54,65,85,91
NodeId:76	0.28894738814,0.289196303071,9
NodeId:77	0.661125670296,0.662108933829,0,5,32,37,40,41,44,69,79,83,85,86,87
NodeId:78	1.46952449088,1.47233569377,13,19,34,82
NodeId:79	1.24756996317,1.24967574951,0,26,43,74,90
NodeId:8	0.587851258145,0.588553961574,13,41,59,87
NodeId:80	0.525092633729,0.525862269557,31,79
NodeId:81	2.0933445786,2.09726943163,5,21,26,78,93,96
NodeId:82	0.627851494862,0.628898644436,2,23,24,32,52,53
NodeId:83	0.814142088566,0.815439910982,1,4,10,18,27,29,70
NodeId:84	0.885878530734,0.887029080253,9,21
NodeId:85	1.39173499979,1.39405812739,32,54,57,64,69,90,99
NodeId:86	0.346279408333,0.346618893941,11,60,71,95
NodeId:87	1.71581589708,1.71878434794,8,19,20,27,30,47,54,63
NodeId:88	0.548801693422,0.549538403044,21,26,44,50,55,82
NodeId:89	0.610098772755,0.610823805216,16,32,35,38,40,57,58
NodeId:9	0.96282965044,0.964190295689,33,39,41,43,51,69,80
NodeId:90	0.842003256394,0.84310099329,1,26,52,93,96
NodeId:91	1.0246945935,1.02644105422,12,24,66,81,95
NodeId:92	1.14413917274,1.14603049772,22,34,39,57
NodeId:93	1.80802383814,1.81128136738,15,43,66,75
NodeId:94	0.970361140141,0.971946910597,4,17,20,90
NodeId:95	0.777709731649,0.778918951409,76,88
NodeId:96	1.2556290221,1.25776974616,12,13,24,31,60,74
NodeId:97	0.415089662554,0.415553932339,37,50,62,89
NodeId:98	1.01902197189,1.02045023549,5,13,15,28,49,66,92,94
NodeId:99	0.925247256226,0.926632983625,1,83
