i	31
NodeId:0	0.671791089019,0.671828851353,1,15,66,96
NodeId:1	0.192936073485,0.192938689509,37,72
NodeId:10	1.09421672506,1.09427612575,4,6,38,67,78,80
NodeId:11	0.56766463483,0.567690592871,6,28,40,49,51,67,89
NodeId:12	0.507194199192,0.507214199594,24,28,50,55,67,85,98
NodeId:13	0.810180332503,0.810223904482,25,32,33,35,76
NodeId:14	1.10906516484,1.10912726585,36,39,44,62,98
NodeId:15	0.303344696287,0.303352392672,47,70,79,95,97
NodeId:16	1.6829590024,1.68306665934,45,52,67,80
NodeId:17	0.223634379287,0.223638382495,18,39,41,53,63,72,79,99
NodeId:18	0.847002884281,0.847051956561,52,61,62,87
NodeId:19	1.5735436636,1.57364290574,27,33,37,45,92
NodeId:2	0.750709192019,0.750751888549,31,63
NodeId:20	1.35962596875,1.35970758042,7,94
NodeId:21	1.00861906636,1.00868235204
NodeId:22	2.5519791863,2.55208227352,25,65,72,83,97
NodeId:23	0.358083299832,0.358095494278,92,99
NodeId:24	0.494702820506,0.494723776233,9,10,18,38,55,93,94
NodeId:25	1.65458837827,1.6546913468,63
NodeId:26	0.72159205026,0.721622100173,15,23,28,64
NodeId:27	1.67419693196,1.67430511212,32,68,70,92
NodeId:28	1.09549022259,1.09555737156,21,25,72
NodeId:29	1.12557131229,1.12563602482,18,23,31,36,86
NodeId:3	0.362440298901,0.362452709309,30,42,45,86
NodeId:30	1.47982489053,1.47991943743,80,84,95
NodeId:31	0.572368133476,0.572395810859,29,36,46,49,54,62,70,85
NodeId:32	1.64157311468,1.64167875726,2,3,6,27,47,69,71,91
NodeId:33	1.41405119602,1.41413931789,2,56,58,86
NodeId:34	1.23833913976,1.23842102219,0,7,77,78
NodeId:35	0.240116917319,0.240123478926,12,18,62,64,65,66,83,91
NodeId:36	1.00510296597,1.00515496064,12,20,30,34,61,75,77,99
NodeId:37	1.22423419323,1.22430631289,40,59,71,97
NodeId:38	0.593080260246,0.593114030023,30,41,98
NodeId:39	1.18044984603,1.18051983796,31,43,68,71,92
NodeId:4	1.36064963855,1.36073155223,24,42,46,86
NodeId:40	0.606243307822,0.606273804316,7,71,72,73
NodeId:41	1.28959167631,1.28966190423,44,45,49,66
NodeId:42	0.15,0.15,36,45,70,89,99
NodeId:43	0.540591199793,0.540615767379,4,21,24,56,67,68,80,86,90
NodeId:44	1.56371379466,1.56381268322,17,37,38
NodeId:45	1.60896533705,1.60906367517,18,53,58,83,86,90
NodeId:46	0.756589293041,0.756631016395,78
NodeId:47	0.259113154373,0.259117793792,5,14,52,70,73
NodeId:48	0.556817639287,0.556846052513,18,39,61,79,89
NodeId:49	0.15,0.15,2,29,31,39,84
NodeId:5	1.34588326909,1.34596068923,2,9,24,50,61,81,98
NodeId:50	0.227271486685,0.227275762208,0,20,46,68
NodeId:51	1.48494494896,1.48502774371,38,45,61,71
NodeId:52	0.50765166511,0.507679238211,27,31,64,91
NodeId:53	0.76076862358,0.760805667291,2,13,65,78,95
NodeId:54	0.63020031669,0.630233057661,12,69,77
NodeId:55	0.785783591779,0.785821371313,10,19,22,25,51,58,62
NodeId:56	0.569520758215,0.569549303425,29,36,80,96,98
NodeId:57	0.317670996331,0.317682889357,86,94,96,98
NodeId:58	1.31771012744,1.31779206807,16,38,71,73,78
NodeId:59	0.451585066603,0.451605860733,10,24,69,92
NodeId:6	1.19896176414,1.19903222224,15,22,58,80
NodeId:60	0.399737411077,0.399752925624,14,49,53,56,65
NodeId:61	0.915802734567,0.915854497597,6,9,18,20,99
NodeId:62	0.270176948563,0.270183610601,11,22,33,91
NodeId:63	0.76255404764,0.762592367396,3,64,65,72
NodeId:64	2.59137235461,2.59155183327,3,27,28,31,33,39,78
NodeId:65	1.07376640794,1.07381980643,27,88
NodeId:66	1.34642455028,1.34649909098,8,19,72,81,83,98
NodeId:67	1.03031604969,1.0303761357,2,26,30,31,32,45
NodeId:68	0.909796759396,0.909850045146,1,6,19,28,40,81,85
NodeId:69	0.201058155808,0.201060952366,12,22,42,46,55,72,88
NodeId:7	1.18890647356,1.1889786299,12,21,38,57,93
NodeId:70	1.21249874142,1.21257606408,20,63,99
NodeId:71	1.24363519369,1.243702834,15,16,45,84,97
NodeId:72	0.904180680755,0.904233219006,10,49,51,92,93,95
NodeId:73	1.5393456869,1.53942641653,41,50,51,84,92
NodeId:74	0.499381348798,0.499402524429,35,54,84
NodeId:75	0.848107983282,0.848159221821,29,34,37,51,54,65,85,91
NodeId:76	0.287738063762,0.287746991494,9
NodeId:77	0.656636163542,0.656669359183,0,5,32,37,40,41,44,69,79,83,85,86,87
NodeId:78	1.45613382624,1.45623263934,13,19,34,82
NodeId:79	1.23716176427,1.23723836667,0,26,43,74,90
NodeId:8	0.584611148329,0.584635012022,13,41,59,87
NodeId:80	0.521573402462,0.5215994377,31,79
NodeId:81	2.07487595225,2.07501229074,5,21,26,78,93,96
NodeId:82	0.622887519552,0.622924158345,2,23,24,32,52,53
NodeId:83	0.808478826929,0.808520727256,1,4,10,18,27,29,70
NodeId:84	0.880253866935,0.880295236343,9,21
NodeId:85	1.38073870788,1.38081996978,32,54,57,64,69,90,99
NodeId:86	0.344643286469,0.344655391247,11,60,71,95
NodeId:87	1.70172539627,1.70182931363,8,19,20,27,30,47,54,63
NodeId:88	0.545420748239,0.545445788364,21,26,44,50,55,82
NodeId:89	0.606373417733,0.606400770601,16,32,35,38,40,57,58
NodeId:9	0.956684076925,0.956729448398,33,39,41,43,51,69,80
NodeId:90	0.83682578,0.836864013601,1,26,52,93,96
NodeId:91	1.01644101098,1.01650191093,12,24,66,81,95
NodeId:92	1.13513012143,1.13519652836,22,34,39,57
NodeId:93	1.79273308794,1.79284586532,15,43,66,75
NodeId:94	0.962994599817,0.963049064749,4,17,20,90
NodeId:95	0.771886741351,0.771929718911,76,88
NodeId:96	1.24579652095,1.24586922661,12,13,24,31,60,74
NodeId:97	0.412999388534,0.413014824734,37,50,62,89
NodeId:98	1.01206805316,1.01211917883,5,13,15,28,49,66,92,94
NodeId:99	0.918665048011,0.918713652603,1,83
