0	0.689901159466,0.685598224968,1,15,66,96
1	0.193204543824,0.193705589867,37,72
10	1.11462668982,1.12777286418,4,6,38,67,78,80
11	0.579637042647,0.583333769054,6,28,40,49,51,67,89
12	0.514805267072,0.514969487335,24,28,50,55,67,85,98
13	0.828967858876,0.832370173705,25,32,33,35,76
14	1.13215323187,1.14637423871,36,39,44,62,98
15	0.305703606328,0.308356774064,47,70,79,95,97
16	1.72897075716,1.7341318297,45,52,67,80
17	0.224545752485,0.226801443081,18,39,41,53,63,72,79,99
18	0.86329336727,0.873475601239,52,61,62,87
19	1.61846168964,1.63025341839,27,33,37,45,92
2	0.769799845711,0.770687917961,31,63
20	1.39557599634,1.39656394162,7,94
21	1.02860529673,1.02659020185
22	2.59305589187,2.60763745204,25,65,72,83,97
23	0.362733481662,0.365950121866,92,99
24	0.503850697335,0.50640210386,9,10,18,38,55,93,94
25	1.69629278314,1.70378298134,63
26	0.734801296377,0.732722853309,15,23,28,64
27	1.72153727729,1.73089232536,32,68,70,92
28	1.12803673656,1.12473094323,21,25,72
29	1.15198853279,1.16557112357,18,23,31,36,86
3	0.365801252017,0.367994177057,30,42,45,86
30	1.5199487071,1.535496209,80,84,95
31	0.58410341721,0.588188092422,29,36,46,49,54,62,70,85
32	1.68554844004,1.71074667985,2,3,6,27,47,69,71,91
33	1.45171908931,1.46278088694,2,56,58,86
34	1.26901275568,1.28517757745,0,7,77,78
35	0.242215734462,0.244042170509,12,18,62,64,65,66,83,91
36	1.02656095814,1.02349530845,12,20,30,34,61,75,77,99
37	1.25260585241,1.27113494514,40,59,71,97
38	0.604906265363,0.614805483969,30,41,98
39	1.20862104392,1.2167418335,31,43,68,71,92
4	1.39598786343,1.40026420119,24,42,46,86
40	0.617279123571,0.617774686314,7,71,72,73
41	1.32104392663,1.33147902732,44,45,49,66
42	0.15,0.15,36,45,70,89,99
43	0.550332612235,0.550845277678,4,21,24,56,67,68,80,86,90
44	1.60996453286,1.60555152481,17,37,38
45	1.65041516236,1.68228585758,18,53,58,83,86,90
46	0.774776930736,0.776630923891,78
47	0.261064493015,0.263888551878,5,14,52,70,73
48	0.569922513833,0.569660867007,18,39,61,79,89
49	0.15,0.15,2,29,31,39,84
5	1.38065533761,1.39328445872,2,9,24,50,61,81,98
50	0.227124723867,0.228562391508,0,20,46,68
51	1.51851790465,1.52851508349,38,45,61,71
52	0.518503013811,0.528260730035,27,31,64,91
53	0.776416639018,0.778184384461,2,13,65,78,95
54	0.648084309445,0.653620609735,12,69,77
55	0.7975729329,0.801813858126,10,19,22,25,51,58,62
56	0.582426780379,0.576973632673,29,36,80,96,98
57	0.323167841475,0.325721869962,86,94,96,98
58	1.35221663276,1.35236863176,16,38,71,73,78
59	0.462869582308,0.46619659236,10,24,69,92
6	1.23470924239,1.23779871917,15,22,58,80
60	0.405234206888,0.409185680466,14,49,53,56,65
61	0.938353938444,0.949019424051,6,9,18,20,99
62	0.272771828007,0.27169967422,11,22,33,91
63	0.780671649129,0.783162893619,3,64,65,72
64	2.6603299831,2.66991340349,3,27,28,31,33,39,78
65	1.09673084798,1.11074383859,27,88
66	1.38026593881,1.38388814112,8,19,72,81,83,98
67	1.05376479475,1.06363011721,2,26,30,31,32,45
68	0.932998061455,0.940465181886,1,6,19,28,40,81,85
69	0.202024276225,0.20240464471,12,22,42,46,55,72,88
7	1.22583616996,1.22413919017,12,21,38,57,93
70	1.24263141517,1.24084080536,20,63,99
71	1.27273790995,1.28328811904,15,16,45,84,97
72	0.92921095141,0.929589791714,10,49,51,92,93,95
73	1.57057427311,1.57071598525,41,50,51,84,92
74	0.506984664436,0.507868401136,35,54,84
75	0.870499907228,0.867912794937,29,34,37,51,54,65,85,91
76	0.29150292953,0.291286377712,9
77	0.674006530359,0.660775376135,0,5,32,37,40,41,44,69,79,83,85,86,87
78	1.49867363149,1.49361993263,13,19,34,82
79	1.26663140109,1.28371421213,0,26,43,74,90
8	0.593822501648,0.596199423726,13,41,59,87
80	0.531785847501,0.5347230718,31,79
81	2.13531071918,2.14627972746,5,21,26,78,93,96
82	0.636578777099,0.640889389135,2,23,24,32,52,53
83	0.820111187716,0.836008091621,1,4,10,18,27,29,70
84	0.900756221111,0.90034726077,9,21
85	1.41632833227,1.42608810626,32,54,57,64,69,90,99
86	0.347952287463,0.350059845242,11,60,71,95
87	1.7498174249,1.74809437655,8,19,20,27,30,47,54,63
88	0.556596274949,0.544409815531,21,26,44,50,55,82
89	0.622066131401,0.613906196931,16,32,35,38,40,57,58
9	0.97747298867,0.991014152049,33,39,41,43,51,69,80
90	0.853461764211,0.851736043147,1,26,52,93,96
91	1.04531583406,1.04854709336,12,24,66,81,95
92	1.16442647716,1.16861618966,22,34,39,57
93	1.84083435223,1.85186877479,15,43,66,75
94	0.984753420615,0.9805174963,4,17,20,90
95	0.791736321689,0.797209468863,76,88
96	1.27420800441,1.27656345723,12,13,24,31,60,74
97	0.420579631828,0.425018198217,37,50,62,89
98	1.03760942981,1.0400580143,5,13,15,28,49,66,92,94
99	0.939952406087,0.93396622084,1,83
i	6
