0	0.671620601529,0.671623367648,1,15,66,96
1	0.192924262788,0.192924454413,37,72
10	1.09394854562,1.09395289676,4,6,38,67,78,80
11	0.56754744077,0.567549342216,6,28,40,49,51,67,89
12	0.507103902341,0.507105367386,24,28,50,55,67,85,98
13	0.809983615865,0.809986807544,25,32,33,35,76
14	1.1087847943,1.10878934324,36,39,44,62,98
15	0.303309949012,0.303310512778,47,70,79,95,97
16	1.6824729581,1.68248084405,45,52,67,80
17	0.223616305783,0.223616599021,18,39,41,53,63,72,79,99
18	0.846781335029,0.846784929611,52,61,62,87
19	1.57309561004,1.5731028796,27,33,37,45,92
2	0.750516427784,0.750519555339,31,63
20	1.35925751244,1.35926349055,7,94
21	1.00833334717,1.00833798289
22	2.55151377304,2.55152132426,25,65,72,83,97
23	0.358028244939,0.358029138192,92,99
24	0.494608210583,0.494609745606,9,10,18,38,55,93,94
25	1.65412350095,1.65413104348,63
26	0.721456382407,0.721458583586,15,23,28,64
27	1.67370852547,1.67371644976,32,68,70,92
28	1.09518706177,1.09519198048,21,25,72
29	1.12527915135,1.12528389159,18,23,31,36,86
3	0.362384268965,0.362385178037,30,42,45,86
30	1.47939803488,1.47940496051,80,84,95
31	0.57224317699,0.57224520438,29,36,46,49,54,62,70,85
32	1.64109616476,1.64110390316,2,3,6,27,47,69,71,91
33	1.41365334777,1.41365980276,2,56,58,86
34	1.23796946096,1.23797545891,0,7,77,78
35	0.240087293275,0.240087773919,12,18,62,64,65,66,83,91
36	1.0048682229,1.00487203155,12,20,30,34,61,75,77,99
37	1.22390859076,1.22391387358,40,59,71,97
38	0.592927797987,0.592930271648,30,41,98
39	1.18013384984,1.18013897681,31,43,68,71,92
4	1.36027981873,1.36028581897,24,42,46,86
40	0.606105623742,0.606107857633,7,71,72,73
41	1.28927461475,1.289279759,44,45,49,66
42	0.15,0.15,36,45,70,89,99
43	0.540480283245,0.540482082839,4,21,24,56,67,68,80,86,90
44	1.56326733747,1.56327458113,17,37,38
45	1.6085213649,1.60852856825,18,53,58,83,86,90
46	0.756400922444,0.756403978713,78
47	0.259092208566,0.259092548407,5,14,52,70,73
48	0.556689360657,0.556691441947,18,39,61,79,89
49	0.15,0.15,2,29,31,39,84
5	1.34553373649,1.34553940757,2,9,24,50,61,81,98
50	0.227252183759,0.227252496945,0,20,46,68
51	1.48457115122,1.484577216,38,45,61,71
52	0.507527179361,0.507529199114,27,31,64,91
53	0.760601380456,0.760604093937,2,13,65,78,95
54	0.630052499355,0.630054897656,12,69,77
55	0.785613026559,0.785615793938,10,19,22,25,51,58,62
56	0.569391883684,0.569393974643,29,36,80,96,98
57	0.317617302242,0.317618173415,86,94,96,98
58	1.31734018583,1.31734618804,16,38,71,73,78
59	0.451491186285,0.451492709471,10,24,69,92
6	1.19864366347,1.19864882458,15,22,58,80
60	0.399667366794,0.399668503245,14,49,53,56,65
61	0.915569037357,0.91557282904,6,9,18,20,99
62	0.27014687111,0.270147359109,11,22,33,91
63	0.762381043497,0.762383850451,3,64,65,72
64	2.59056205292,2.59057519987,3,27,28,31,33,39,78
65	1.07352532702,1.0735292385,27,88
66	1.34608801766,1.34609347782,8,19,72,81,83,98
67	1.03004477623,1.03004917758,2,26,30,31,32,45
68	0.909556187607,0.909560090826,1,6,19,28,40,81,85
69	0.201045530046,0.201045734896,12,22,42,46,55,72,88
7	1.18858070565,1.18858599116,12,21,38,57,93
70	1.2121496488,1.21215531275,20,63,99
71	1.24332981452,1.24333476923,15,16,45,84,97
72	0.903943483618,0.903947332087,10,49,51,92,93,95
73	1.53898121268,1.53898712619,41,50,51,84,92
74	0.499285746117,0.499287297248,35,54,84
75	0.847876654037,0.847880407298,29,34,37,51,54,65,85,91
76	0.287697757283,0.287698411245,9
77	0.656486293379,0.656488724986,0,5,32,37,40,41,44,69,79,83,85,86,87
78	1.45568770974,1.45569494787,13,19,34,82
79	1.23681592357,1.23682153476,0,26,43,74,90
8	0.584503409669,0.584505157704,13,41,59,87
80	0.521455859799,0.5214577669,31,79
81	2.07426041784,2.07427040474,5,21,26,78,93,96
82	0.622722104485,0.622724788304,2,23,24,32,52,53
83	0.808289657302,0.808292726533,1,4,10,18,27,29,70
84	0.880067094392,0.880070124733,9,21
85	1.38037183068,1.38037778317,32,54,57,64,69,90,99
86	0.344588636388,0.344589523073,11,60,71,95
87	1.70125623526,1.70126384729,8,19,20,27,30,47,54,63
88	0.545307698211,0.54530953242,21,26,44,50,55,82
89	0.606249926362,0.606251929978,16,32,35,38,40,57,58
9	0.956479236008,0.956482559503,33,39,41,43,51,69,80
90	0.836653164732,0.836655965374,1,26,52,93,96
91	1.01616606289,1.01617052386,12,24,66,81,95
92	1.13483031065,1.13483517501,22,34,39,57
93	1.79222392615,1.79223218718,15,43,66,75
94	0.96274870413,0.962752693732,4,17,20,90
95	0.771692708433,0.771695856572,76,88
96	1.24546827289,1.24547359864,12,13,24,31,60,74
97	0.412929697941,0.412930828654,37,50,62,89
98	1.01183723356,1.01184097856,5,13,15,28,49,66,92,94
99	0.918445610303,0.918449170629,1,83
i	44
