i	26
NodeId:0	0.67207502775,0.672171073548,1,15,66,96
NodeId:1	0.192955743696,0.192962397482,37,72
NodeId:10	1.09466336494,1.09481444874,4,6,38,67,78,80
NodeId:11	0.567859815957,0.567925838633,6,28,40,49,51,67,89
NodeId:12	0.507344584325,0.507395454419,24,28,50,55,67,85,98
NodeId:13	0.810507954677,0.810618778066,25,32,33,35,76
NodeId:14	1.10953210844,1.10969005855,36,39,44,62,98
NodeId:15	0.303402566176,0.303422141471,47,70,79,95,97
NodeId:16	1.68376848513,1.68404230612,45,52,67,80
NodeId:17	0.223664479833,0.223674662045,18,39,41,53,63,72,79,99
NodeId:18	0.847371863619,0.847496677973,52,61,62,87
NodeId:19	1.5742898747,1.57454229264,27,33,37,45,92
NodeId:2	0.751030231368,0.751138828343,31,63
NodeId:20	1.36023961491,1.36044718989,7,94
NodeId:21	1.00909491779,1.00925588291
NodeId:22	2.55275430943,2.55301650844,25,65,72,83,97
NodeId:23	0.358174991111,0.358206007044,92,99
NodeId:24	0.494860388534,0.494913688625,9,10,18,38,55,93,94
NodeId:25	1.65536260869,1.65562450502,63
NodeId:26	0.721817998706,0.721894429066,15,23,28,64
NodeId:27	1.67501034979,1.67528550088,32,68,70,92
NodeId:28	1.09599512244,1.09616591191,21,25,72
NodeId:29	1.1260578923,1.12622248446,18,23,31,36,86
NodeId:3	0.362533613984,0.362565179632,30,42,45,86
NodeId:30	1.48053579852,1.48077627302,80,84,95
NodeId:31	0.572576242571,0.572646638581,29,36,46,49,54,62,70,85
NodeId:32	1.64236745204,1.64263614896,2,3,6,27,47,69,71,91
NodeId:33	1.41471379313,1.4149379272,2,56,58,86
NodeId:34	1.23895482204,1.23916308627,0,7,77,78
NodeId:35	0.240166254673,0.240182944035,12,18,62,64,65,66,83,91
NodeId:36	1.00549391873,1.00562616562,12,20,30,34,61,75,77,99
NodeId:37	1.22477646795,1.22495990277,40,59,71,97
NodeId:38	0.5933341784,0.593420071611,30,41,98
NodeId:39	1.18097612264,1.18115414407,31,43,68,71,92
NodeId:4	1.36126555562,1.36147389911,24,42,46,86
NodeId:40	0.606472614122,0.606550180451,7,71,72,73
NodeId:41	1.29011972766,1.29029834858,44,45,49,66
NodeId:42	0.15,0.15,36,45,70,89,99
NodeId:43	0.54077592593,0.540838412397,4,21,24,56,67,68,80,86,90
NodeId:44	1.56445734747,1.56470886494,17,37,38
NodeId:45	1.60970475126,1.60995486954,18,53,58,83,86,90
NodeId:46	0.756903015007,0.757009136895,78
NodeId:47	0.259148038621,0.259159838504,5,14,52,70,73
NodeId:48	0.557031281055,0.557103548621,18,39,61,79,89
NodeId:49	0.15,0.15,2,29,31,39,84
NodeId:5	1.34646539858,1.34666231292,2,9,24,50,61,81,98
NodeId:50	0.227303634895,0.227314509512,0,20,46,68
NodeId:51	1.48556749089,1.48577807576,38,45,61,71
NodeId:52	0.507858990051,0.507929121587,27,31,64,91
NodeId:53	0.761047159088,0.761141377869,2,13,65,78,95
NodeId:54	0.630446499147,0.630529774593,12,69,77
NodeId:55	0.786067659814,0.786163750641,10,19,22,25,51,58,62
NodeId:56	0.569735392438,0.569807995945,29,36,80,96,98
NodeId:57	0.317760421104,0.317790670976,86,94,96,98
NodeId:58	1.31832624711,1.31853466047,16,38,71,73,78
NodeId:59	0.451741419685,0.45179430872,10,24,69,92
NodeId:6	1.19949154571,1.19967075153,15,22,58,80
NodeId:60	0.399854066624,0.399893526558,14,49,53,56,65
NodeId:61	0.91619194612,0.916323602975,6,9,18,20,99
NodeId:62	0.270227041069,0.270243985779,11,22,33,91
NodeId:63	0.762842177671,0.76293964202,3,64,65,72
NodeId:64	2.59272187294,2.59317837085,3,27,28,31,33,39,78
NodeId:65	1.07416791641,1.07430373314,27,88
NodeId:66	1.34698502924,1.34717461891,8,19,72,81,83,98
NodeId:67	1.03076784215,1.03092066937,2,26,30,31,32,45
NodeId:68	0.910197420272,0.910332948892,1,6,19,28,40,81,85
NodeId:69	0.201079183393,0.201086296332,12,22,42,46,55,72,88
NodeId:7	1.18944902419,1.18963255098,12,21,38,57,93
NodeId:70	1.21308013799,1.21327680532,20,63,99
NodeId:71	1.24414378814,1.24431582732,15,16,45,84,97
NodeId:72	0.90457572119,0.904709349597,10,49,51,92,93,95
NodeId:73	1.53995270117,1.54015803362,41,50,51,84,92
NodeId:74	0.499540570533,0.499594429412,35,54,84
NodeId:75	0.848493251024,0.848623573394,29,34,37,51,54,65,85,91
NodeId:76	0.287805192271,0.28782789951,9
NodeId:77	0.656885764644,0.656970197701,0,5,32,37,40,41,44,69,79,83,85,86,87
NodeId:78	1.456876812,1.45712813814,13,19,34,82
NodeId:79	1.23773774563,1.23793258027,0,26,43,74,90
NodeId:8	0.584790581933,0.584851278553,13,41,59,87
NodeId:80	0.521769163857,0.521835383716,31,79
NodeId:81	2.07590109423,2.07624786623,5,21,26,78,93,96
NodeId:82	0.623163010209,0.623256199512,2,23,24,32,52,53
NodeId:83	0.808793879912,0.808900452252,1,4,10,18,27,29,70
NodeId:84	0.880564927786,0.880670148677,9,21
NodeId:85	1.38134972357,1.38155640909,32,54,57,64,69,90,99
NodeId:86	0.344734303548,0.344765091686,11,60,71,95
NodeId:87	1.7025067614,1.70277106991,8,19,20,27,30,47,54,63
NodeId:88	0.545609027236,0.545672716906,21,26,44,50,55,82
NodeId:89	0.606579086585,0.606648657452,16,32,35,38,40,57,58
NodeId:9	0.957025229371,0.957140629751,33,39,41,43,51,69,80
NodeId:90	0.837113262125,0.837210508411,1,26,52,93,96
NodeId:91	1.01689892388,1.01705381961,12,24,66,81,95
NodeId:92	1.13562944173,1.13579834462,22,34,39,57
NodeId:93	1.7935810724,1.79386791661,15,43,66,75
NodeId:94	0.963404126925,0.963542656817,4,17,20,90
NodeId:95	0.772209893577,0.772319204335,76,88
NodeId:96	1.24634320208,1.24652812688,12,13,24,31,60,74
NodeId:97	0.413115454694,0.413154715999,37,50,62,89
NodeId:98	1.01245247273,1.01258250776,5,13,15,28,49,66,92,94
NodeId:99	0.91903051056,0.919154134912,1,83
