i	41
NodeId:0	0.671635562977,0.671641400253,1,15,66,96
NodeId:1	0.192925299257,0.192925703641,37,72
NodeId:10	1.0939720802,1.09398126233,4,6,38,67,78,80
NodeId:11	0.567557725355,0.567561737932,6,28,40,49,51,67,89
NodeId:12	0.507111826511,0.50711491816,24,28,50,55,67,85,98
NodeId:13	0.810000879099,0.810007614431,25,32,33,35,76
NodeId:14	1.10880939874,1.10881899827,36,39,44,62,98
NodeId:15	0.303312998324,0.303314188026,47,70,79,95,97
NodeId:16	1.68251561182,1.68253225337,45,52,67,80
NodeId:17	0.223617891857,0.223618510671,18,39,41,53,63,72,79,99
NodeId:18	0.846800777498,0.846808363065,52,61,62,87
NodeId:19	1.57313492982,1.5731502706,27,33,37,45,92
NodeId:2	0.75053334417,0.750539944175,31,63
NodeId:20	1.35928984701,1.35930246249,7,94
NodeId:21	1.00835842099,1.00836820366
NodeId:22	2.55155461625,2.55157055141,25,65,72,83,97
NodeId:23	0.358033076385,0.358034961395,92,99
NodeId:24	0.494616513253,0.494619752577,9,10,18,38,55,93,94
NodeId:25	1.65416429713,1.65418021395,63
NodeId:26	0.721468288193,0.721472933288,15,23,28,64
NodeId:27	1.6737513865,1.67376810892,32,68,70,92
NodeId:28	1.09521366621,1.09522404606,21,25,72
NodeId:29	1.12530479048,1.1253147937,18,23,31,36,86
NodeId:3	0.362389185977,0.36239110437,30,42,45,86
NodeId:30	1.4794354944,1.4794501094,80,84,95
NodeId:31	0.572254142781,0.572258421133,29,36,46,49,54,62,70,85
NodeId:32	1.64113802039,1.64115435055,2,3,6,27,47,69,71,91
NodeId:33	1.41368826168,1.41370188351,2,56,58,86
NodeId:34	1.23800190281,1.23801456015,0,7,77,78
NodeId:35	0.240089892989,0.240090907278,12,18,62,64,65,66,83,91
NodeId:36	1.00488882321,1.00489686052,12,20,30,34,61,75,77,99
NodeId:37	1.22393716461,1.22394831283,40,59,71,97
NodeId:38	0.592941177596,0.592946397712,30,41,98
NodeId:39	1.18016158068,1.18017239999,31,43,68,71,92
NodeId:4	1.36031227296,1.36032493513,24,42,46,86
NodeId:40	0.606117706467,0.606122420595,7,71,72,73
NodeId:41	1.28930243908,1.28931329487,44,45,49,66
NodeId:42	0.15,0.15,36,45,70,89,99
NodeId:43	0.540490016934,0.540493814576,4,21,24,56,67,68,80,86,90
NodeId:44	1.56330651715,1.56332180328,17,37,38
NodeId:45	1.60856032651,1.60857552755,18,53,58,83,86,90
NodeId:46	0.756417453257,0.756423902829,78
NodeId:47	0.259094046705,0.259094763862,5,14,52,70,73
NodeId:48	0.556700617987,0.556705010087,18,39,61,79,89
NodeId:49	0.15,0.15,2,29,31,39,84
NodeId:5	1.34556441038,1.34557637793,2,9,24,50,61,81,98
NodeId:50	0.227253877724,0.227254538632,0,20,46,68
NodeId:51	1.48460395454,1.4846167529,38,45,61,71
NodeId:52	0.507538103842,0.507542366075,27,31,64,91
NodeId:53	0.760616057189,0.760621783384,2,13,65,78,95
NodeId:54	0.630065471341,0.63007053242,12,69,77
NodeId:55	0.785627994828,0.785633834766,10,19,22,25,51,58,62
NodeId:56	0.56940319331,0.569407605811,29,36,80,96,98
NodeId:57	0.317622014267,0.317623852684,86,94,96,98
NodeId:58	1.31737265075,1.31738531708,16,38,71,73,78
NodeId:59	0.451499424927,0.451502639271,10,24,69,92
NodeId:6	1.19867157899,1.19868247035,15,22,58,80
NodeId:60	0.39967351366,0.399675911889,14,49,53,56,65
NodeId:61	0.915589545893,0.915597547391,6,9,18,20,99
NodeId:62	0.270149510613,0.270150540427,11,22,33,91
NodeId:63	0.762396225801,0.762402149244,3,64,65,72
NodeId:64	2.59063316246,2.59066090616,3,27,28,31,33,39,78
NodeId:65	1.07354648353,1.07355473783,27,88
NodeId:66	1.34611755071,1.34612907316,8,19,72,81,83,98
NodeId:67	1.03006858234,1.0300778704,2,26,30,31,32,45
NodeId:68	0.909577299433,0.909585536309,1,6,19,28,40,81,85
NodeId:69	0.201046638043,0.201047070333,12,22,42,46,55,72,88
NodeId:7	1.18860929403,1.18862044791,12,21,38,57,93
NodeId:70	1.21218028408,1.21219223657,20,63,99
NodeId:71	1.24335661364,1.24336706944,15,16,45,84,97
NodeId:72	0.903964299297,0.903972420627,10,49,51,92,93,95
NodeId:73	1.5390131978,1.53902567693,41,50,51,84,92
NodeId:74	0.499294135908,0.499297409224,35,54,84
NodeId:75	0.847896954766,0.84790487519,29,34,37,51,54,65,85,91
NodeId:76	0.287701294453,0.287702674496,9
NodeId:77	0.656499445514,0.656504576879,0,5,32,37,40,41,44,69,79,83,85,86,87
NodeId:78	1.45572685952,1.45574213399,13,19,34,82
NodeId:79	1.23684627347,1.23685811462,0,26,43,74,90
NodeId:8	0.584512864478,0.584516553313,13,41,59,87
NodeId:80	0.521466174975,0.521470199488,31,79
NodeId:81	2.07431443521,2.07433551033,5,21,26,78,93,96
NodeId:82	0.622736620793,0.622742284394,2,23,24,32,52,53
NodeId:83	0.808306258236,0.808312735166,1,4,10,18,27,29,70
NodeId:84	0.880083484965,0.880089879821,9,21
NodeId:85	1.38040402667,1.38041658808,32,54,57,64,69,90,99
NodeId:86	0.344593432309,0.344595303458,11,60,71,95
NodeId:87	1.70129740736,1.70131347084,8,19,20,27,30,47,54,63
NodeId:88	0.545317619126,0.545321489817,21,26,44,50,55,82
NodeId:89	0.606260763578,0.606264991767,16,32,35,38,40,57,58
NodeId:9	0.956497212205,0.9565042257,33,39,41,43,51,69,80
NodeId:90	0.836668312908,0.836674223036,1,26,52,93,96
NodeId:91	1.01619019148,1.01619960535,12,24,66,81,95
NodeId:92	1.1348566211,1.13486688625,22,34,39,57
NodeId:93	1.7922686086,1.79228604165,15,43,66,75
NodeId:94	0.962770283167,0.962778702326,4,17,20,90
NodeId:95	0.771709736157,0.771716379596,76,88
NodeId:96	1.24549707891,1.24550831771,12,13,24,31,60,74
NodeId:97	0.412935813769,0.412938199887,37,50,62,89
NodeId:98	1.01185748957,1.01186539254,5,13,15,28,49,66,92,94
NodeId:99	0.918464867469,0.918472380738,1,83
