i	38
NodeId:0	0.671656915444,0.671667135771,1,15,66,96
NodeId:1	0.192926778472,0.192927486496,37,72
NodeId:10	1.09400566796,1.09402174469,4,6,38,67,78,80
NodeId:11	0.56757240316,0.56757942867,6,28,40,49,51,67,89
NodeId:12	0.507123135614,0.507128548698,24,28,50,55,67,85,98
NodeId:13	0.810025516601,0.810037309303,25,32,33,35,76
NodeId:14	1.10884451336,1.10886132091,36,39,44,62,98
NodeId:15	0.303317350198,0.303319433216,47,70,79,95,97
NodeId:16	1.68257648576,1.68260562298,45,52,67,80
NodeId:17	0.223620155448,0.223621238912,18,39,41,53,63,72,79,99
NodeId:18	0.846828525122,0.846841806482,52,61,62,87
NodeId:19	1.57319104566,1.57321790542,27,33,37,45,92
NodeId:2	0.750557486657,0.750569042422,31,63
NodeId:20	1.35933599381,1.3593580819,7,94
NodeId:21	1.00839420549,1.00841133369
NodeId:22	2.55161290628,2.55164080672,25,65,72,83,97
NodeId:23	0.358039971658,0.35804327207,92,99
NodeId:24	0.49462836254,0.494634034185,9,10,18,38,55,93,94
NodeId:25	1.65422252004,1.65425038835,63
NodeId:26	0.721485279724,0.721493412695,15,23,28,64
NodeId:27	1.67381255629,1.67384183511,32,68,70,92
NodeId:28	1.09525163517,1.09526980895,21,25,72
NodeId:29	1.12534138177,1.12535889613,18,23,31,36,86
NodeId:3	0.362396203367,0.362399562231,30,42,45,86
NodeId:30	1.47948895534,1.47951454434,80,84,95
NodeId:31	0.572269792783,0.57227728363,29,36,46,49,54,62,70,85
NodeId:32	1.64119775532,1.64122634735,2,3,6,27,47,69,71,91
NodeId:33	1.41373808963,1.4137619397,2,56,58,86
NodeId:34	1.23804820272,1.2380703641,0,7,77,78
NodeId:35	0.24009360321,0.240095379103,12,18,62,64,65,66,83,91
NodeId:36	1.00491822328,1.00493229558,12,20,30,34,61,75,77,99
NodeId:37	1.22397794424,1.22399746334,40,59,71,97
NodeId:38	0.592960272517,0.592969412273,30,41,98
NodeId:39	1.18020115718,1.18022010042,31,43,68,71,92
NodeId:4	1.36035859053,1.36038076036,24,42,46,86
NodeId:40	0.606134950516,0.606143204356,7,71,72,73
NodeId:41	1.28934214902,1.28936115612,44,45,49,66
NodeId:42	0.15,0.15,36,45,70,89,99
NodeId:43	0.540503908521,0.540510557709,4,21,24,56,67,68,80,86,90
NodeId:44	1.56336243306,1.56338919712,17,37,38
NodeId:45	1.60861593118,1.60864254627,18,53,58,83,86,90
NodeId:46	0.756441045468,0.756452337846,78
NodeId:47	0.259096670033,0.259097925685,5,14,52,70,73
NodeId:48	0.556716684065,0.55672437407,18,39,61,79,89
NodeId:49	0.15,0.15,2,29,31,39,84
NodeId:5	1.3456081871,1.34562914076,2,9,24,50,61,81,98
NodeId:50	0.227256295292,0.227257452457,0,20,46,68
NodeId:51	1.48465077032,1.48467317862,38,45,61,71
NodeId:52	0.507553694883,0.507561157514,27,31,64,91
NodeId:53	0.760637003323,0.760647029156,2,13,65,78,95
NodeId:54	0.630083984516,0.630092845821,12,69,77
NodeId:55	0.78564935703,0.785659582018,10,19,22,25,51,58,62
NodeId:56	0.569419334018,0.569427059747,29,36,80,96,98
NodeId:57	0.317628739108,0.317631957944,86,94,96,98
NodeId:58	1.31741898356,1.3174411607,16,38,71,73,78
NodeId:59	0.451511182836,0.451516810742,10,24,69,92
NodeId:6	1.19871141906,1.19873048846,15,22,58,80
NodeId:60	0.39968228626,0.399686485251,14,49,53,56,65
NodeId:61	0.915618814974,0.915632824576,6,9,18,20,99
NodeId:62	0.270153277622,0.270155080694,11,22,33,91
NodeId:63	0.762417893462,0.762428264655,3,64,65,72
NodeId:64	2.59073464756,2.59078322326,3,27,28,31,33,39,78
NodeId:65	1.07357667737,1.07359112961,27,88
NodeId:66	1.34615969927,1.34617987361,8,19,72,81,83,98
NodeId:67	1.03010255761,1.03011881982,2,26,30,31,32,45
NodeId:68	0.90960742951,0.909621851229,1,6,19,28,40,81,85
NodeId:69	0.201048219339,0.201048976224,12,22,42,46,55,72,88
NodeId:7	1.18865009437,1.1886696234,12,21,38,57,93
NodeId:70	1.21222400569,1.21224493298,20,63,99
NodeId:71	1.24339486043,1.2434131672,15,16,45,84,97
NodeId:72	0.903994006719,0.904008226134,10,49,51,92,93,95
NodeId:73	1.53905884586,1.53908069524,41,50,51,84,92
NodeId:74	0.499306109534,0.499311840691,35,54,84
NodeId:75	0.847925927273,0.847939794922,29,34,37,51,54,65,85,91
NodeId:76	0.287706342582,0.287708758861,9
NodeId:77	0.656518215791,0.656527200157,0,5,32,37,40,41,44,69,79,83,85,86,87
NodeId:78	1.45578273276,1.45580947641,13,19,34,82
NodeId:79	1.23688958781,1.23691032015,0,26,43,74,90
NodeId:8	0.584526358056,0.584532816736,13,41,59,87
NodeId:80	0.52148089644,0.521487942849,31,79
NodeId:81	2.07439152696,2.07442842681,5,21,26,78,93,96
NodeId:82	0.622757337972,0.622767254218,2,23,24,32,52,53
NodeId:83	0.808329950521,0.808341290798,1,4,10,18,27,29,70
NodeId:84	0.880106877032,0.88011807361,9,21
NodeId:85	1.38044997569,1.38047196912,32,54,57,64,69,90,99
NodeId:86	0.344600276881,0.344603553026,11,60,71,95
NodeId:87	1.70135616678,1.70138429188,8,19,20,27,30,47,54,63
NodeId:88	0.545331777917,0.545338555003,21,26,44,50,55,82
NodeId:89	0.606276230084,0.6062836331,16,32,35,38,40,57,58
NodeId:9	0.95652286722,0.956535146954,33,39,41,43,51,69,80
NodeId:90	0.836689931865,0.836700279747,1,26,52,93,96
NodeId:91	1.01622462697,1.01624110946,12,24,66,81,95
NodeId:92	1.13489417048,1.13491214344,22,34,39,57
NodeId:93	1.79233237785,1.79236290091,15,43,66,75
NodeId:94	0.962801080026,0.962815820898,4,17,20,90
NodeId:95	0.771734037537,0.771745669355,76,88
NodeId:96	1.24553818988,1.24555786759,12,13,24,31,60,74
NodeId:97	0.412944542071,0.412948719858,37,50,62,89
NodeId:98	1.01188639825,1.01190023534,5,13,15,28,49,66,92,94
NodeId:99	0.918492350636,0.918505505415,1,83
