i	18
NodeId:0	0.673690657875,0.674118546204,1,15,66,96
NodeId:1	0.193067624617,0.193097180745,37,72
NodeId:10	1.09720517986,1.09787708537,4,6,38,67,78,80
NodeId:11	0.568970466088,0.569264757337,6,28,40,49,51,67,89
NodeId:12	0.508200306953,0.508426545578,24,28,50,55,67,85,98
NodeId:13	0.812372425031,0.812865522446,25,32,33,35,76
NodeId:14	1.11218919594,1.11289304787,36,39,44,62,98
NodeId:15	0.303731897458,0.303818999455,47,70,79,95,97
NodeId:16	1.68837511013,1.68959505553,45,52,67,80
NodeId:17	0.223835799515,0.223880949742,18,39,41,53,63,72,79,99
NodeId:18	0.84947175683,0.850027124729,52,61,62,87
NodeId:19	1.57853639045,1.57966147496,27,33,37,45,92
NodeId:2	0.752857313607,0.753340827143,31,63
NodeId:20	1.36373162914,1.36465614348,7,94
NodeId:21	1.01180282971,1.01251882928
NodeId:22	2.55716542807,2.55833197421,25,65,72,83,97
NodeId:23	0.358696744327,0.358834871123,92,99
NodeId:24	0.495757098221,0.495994681567,9,10,18,38,55,93,94
NodeId:25	1.65976861136,1.66093451248,63
NodeId:26	0.723103574431,0.723444223332,15,23,28,64
NodeId:27	1.67963926206,1.68086374619,32,68,70,92
NodeId:28	1.09886818434,1.0996290782,21,25,72
NodeId:29	1.1288266336,1.12956000449,18,23,31,36,86
NodeId:3	0.363064586226,0.363205095969,30,42,45,86
NodeId:30	1.48458105447,1.48565193245,80,84,95
NodeId:31	0.573760491101,0.574074271068,29,36,46,49,54,62,70,85
NodeId:32	1.64688748103,1.64808434659,2,3,6,27,47,69,71,91
NodeId:33	1.41848430851,1.41948263067,2,56,58,86
NodeId:34	1.24245819772,1.24338557488,0,7,77,78
NodeId:35	0.240446987986,0.240521343104,12,18,62,64,65,66,83,91
NodeId:36	1.00771875207,1.00830794304,12,20,30,34,61,75,77,99
NodeId:37	1.22786274721,1.22867883987,40,59,71,97
NodeId:38	0.59477936661,0.595161422159,30,41,98
NodeId:39	1.18397087831,1.184763346,31,43,68,71,92
NodeId:4	1.36477018265,1.36569882483,24,42,46,86
NodeId:40	0.607777421508,0.608122814635,7,71,72,73
NodeId:41	1.29312442964,1.29391987362,44,45,49,66
NodeId:42	0.15,0.15,36,45,70,89,99
NodeId:43	0.541827218805,0.542105116431,4,21,24,56,67,68,80,86,90
NodeId:44	1.56868849812,1.56980952921,17,37,38
NodeId:45	1.61391257349,1.61502672765,18,53,58,83,86,90
NodeId:46	0.758688586655,0.759160471214,78
NodeId:47	0.259346517611,0.259399138078,5,14,52,70,73
NodeId:48	0.558247032422,0.558568996451,18,39,61,79,89
NodeId:49	0.15,0.15,2,29,31,39,84
NodeId:5	1.34977820998,1.35065559582,2,9,24,50,61,81,98
NodeId:50	0.227486473105,0.227534712046,0,20,46,68
NodeId:51	1.48911009199,1.49004827214,38,45,61,71
NodeId:52	0.5090389493,0.509351027096,27,31,64,91
NodeId:53	0.762632140611,0.763051662256,2,13,65,78,95
NodeId:54	0.631847601959,0.632218632352,12,69,77
NodeId:55	0.78768406874,0.78811183135,10,19,22,25,51,58,62
NodeId:56	0.570956803501,0.571279989651,29,36,80,96,98
NodeId:57	0.318269406664,0.318403901768,86,94,96,98
NodeId:58	1.32183242429,1.32276001794,16,38,71,73,78
NodeId:59	0.452631252598,0.452866937469,10,24,69,92
NodeId:6	1.20250626829,1.20330488979,15,22,58,80
NodeId:60	0.400517805136,0.400693693716,14,49,53,56,65
NodeId:61	0.918406920275,0.918993087574,6,9,18,20,99
NodeId:62	0.270512122101,0.270587527181,11,22,33,91
NodeId:63	0.764481891383,0.764916069952,3,64,65,72
NodeId:64	2.60040139636,2.60243237466,3,27,28,31,33,39,78
NodeId:65	1.07645280436,1.07705782829,27,88
NodeId:66	1.35017430156,1.35101956008,8,19,72,81,83,98
NodeId:67	1.03333897731,1.03401931868,2,26,30,31,32,45
NodeId:68	0.912477028289,0.913081838768,1,6,19,28,40,81,85
NodeId:69	0.201198816552,0.201230528767,12,22,42,46,55,72,88
NodeId:7	1.19253662188,1.19335356001,12,21,38,57,93
NodeId:70	1.21638850515,1.21726450924,20,63,99
NodeId:71	1.24703784798,1.24780451216,15,16,45,84,97
NodeId:72	0.906823751086,0.907418972207,10,49,51,92,93,95
NodeId:73	1.54340676216,1.54432091986,41,50,51,84,92
NodeId:74	0.500446540131,0.50068657623,35,54,84
NodeId:75	0.850685674942,0.851265769282,29,34,37,51,54,65,85,91
NodeId:76	0.288187138816,0.288288367507,9
NodeId:77	0.658306583672,0.65868131767,0,5,32,37,40,41,44,69,79,83,85,86,87
NodeId:78	1.46110472319,1.46222399159,13,19,34,82
NodeId:79	1.24101482861,1.24188292296,0,26,43,74,90
NodeId:8	0.585811657111,0.586081936398,13,41,59,87
NodeId:80	0.522883278367,0.523178170072,31,79
NodeId:81	2.08173508515,2.08328008077,5,21,26,78,93,96
NodeId:82	0.624730777705,0.625145752119,2,23,24,32,52,53
NodeId:83	0.810586858236,0.811060575343,1,4,10,18,27,29,70
NodeId:84	0.882334906021,0.882803934502,9,21
NodeId:85	1.38482684882,1.38574805488,32,54,57,64,69,90,99
NodeId:86	0.345252121709,0.345389254537,11,60,71,95
NodeId:87	1.70695324182,1.70813026531,8,19,20,27,30,47,54,63
NodeId:88	0.546680731425,0.546963339567,21,26,44,50,55,82
NodeId:89	0.607749577023,0.608059525414,16,32,35,38,40,57,58
NodeId:9	0.958966856828,0.959480590383,33,39,41,43,51,69,80
NodeId:90	0.838749440708,0.839182149608,1,26,52,93,96
NodeId:91	1.01950467054,1.02019477842,12,24,66,81,95
NodeId:92	1.13847106375,1.13922295372,22,34,39,57
NodeId:93	1.79840653092,1.79968404278,15,43,66,75
NodeId:94	0.965734649434,0.966351278145,4,17,20,90
NodeId:95	0.774048713367,0.774536402758,76,88
NodeId:96	1.24945429195,1.25027709563,12,13,24,31,60,74
NodeId:97	0.413775996975,0.413951172388,37,50,62,89
NodeId:98	1.0146397587,1.01521914081,5,13,15,28,49,66,92,94
NodeId:99	0.921110371781,0.92166105283,1,83
