0	0.671733763097,0.671759758045,1,15,66,96
1	0.192932102173,0.192933903001,37,72
10	1.0941265505,1.09416744097,4,6,38,67,78,80
11	0.567625228671,0.567643097747,6,28,40,49,51,67,89
12	0.50716383714,0.507177605083,24,28,50,55,67,85,98
13	0.810114187108,0.81014418133,25,32,33,35,76
14	1.10897089107,1.10901364035,36,39,44,62,98
15	0.303333012617,0.30333831068,47,70,79,95,97
16	1.68279557142,1.68286968065,45,52,67,80
17	0.223628302124,0.223631057868,18,39,41,53,63,72,79,99
18	0.84692838899,0.846962169545,52,61,62,87
19	1.57339300689,1.57346132352,27,33,37,45,92
2	0.750644375606,0.750673767185,31,63
20	1.35950207639,1.35955825649,7,94
21	1.00852299411,1.00856655893
22	2.55182269245,2.55189365598,25,65,72,83,97
23	0.358064787785,0.358073182239,92,99
24	0.494671008193,0.49468543377,9,10,18,38,55,93,94
25	1.65443206463,1.65450294644,63
26	0.721546432343,0.721567118197,15,23,28,64
27	1.67403270671,1.67410717612,32,68,70,92
28	1.09538828565,1.09543450987,21,25,72
29	1.12547307403,1.12551762104,18,23,31,36,86
3	0.362421458998,0.36243000212,30,42,45,86
30	1.47968136157,1.47974644607,80,84,95
31	0.572326117225,0.572345169871,29,36,46,49,54,62,70,85
32	1.64141274167,1.64148546425,2,3,6,27,47,69,71,91
33	1.41391742071,1.41397808232,2,56,58,86
34	1.23821483635,1.23827120284,0,7,77,78
35	0.24010695632,0.240111473224,12,18,62,64,65,66,83,91
36	1.00502403429,1.00505982656,12,20,30,34,61,75,77,99
37	1.22412471034,1.22417435633,40,59,71,97
38	0.593028995252,0.59305224182,30,41,98
39	1.18034359324,1.18039177452,31,43,68,71,92
4	1.36052528772,1.36058167572,24,42,46,86
40	0.606197011953,0.60621800523,7,71,72,73
41	1.28948506529,1.28953340902,44,45,49,66
42	0.15,0.15,36,45,70,89,99
43	0.540553904427,0.540570816342,4,21,24,56,67,68,80,86,90
44	1.56356367473,1.56363174795,17,37,38
45	1.60881605272,1.60888374703,18,53,58,83,86,90
46	0.756525953975,0.756554675637,78
47	0.259106111407,0.259109305102,5,14,52,70,73
48	0.556774505971,0.556794065157,18,39,61,79,89
49	0.15,0.15,2,29,31,39,84
5	1.34576573978,1.34581903449,2,9,24,50,61,81,98
50	0.227264996134,0.227267939334,0,20,46,68
51	1.48481926056,1.48487625509,38,45,61,71
52	0.507609807139,0.50762878801,27,31,64,91
53	0.760712388571,0.760737888842,2,13,65,78,95
54	0.630150613542,0.630173151877,12,69,77
55	0.785726239721,0.785752246525,10,19,22,25,51,58,62
56	0.569477424529,0.569497074573,29,36,80,96,98
57	0.317652941849,0.317661128814,86,94,96,98
58	1.31758573565,1.31764214221,16,38,71,73,78
59	0.45155349962,0.451567813949,10,24,69,92
6	1.19885480373,1.19890330588,15,22,58,80
60	0.399713858895,0.399724538843,14,49,53,56,65
61	0.915724154567,0.915759787372,6,9,18,20,99
62	0.270166835106,0.270171421144,11,22,33,91
63	0.762495875504,0.762522254179,3,64,65,72
64	2.59109989303,2.59122344317,3,27,28,31,33,39,78
65	1.07368534518,1.07372210381,27,88
66	1.34631139217,1.34636270472,8,19,72,81,83,98
67	1.03022483478,1.030266197,2,26,30,31,32,45
68	0.90971586784,0.909752548838,1,6,19,28,40,81,85
69	0.201053910432,0.201055835536,12,22,42,46,55,72,88
7	1.18879693505,1.18884660627,12,21,38,57,93
70	1.21238136005,1.21243458767,20,63,99
71	1.24353251084,1.2435790733,15,16,45,84,97
72	0.904100923911,0.904137090364,10,49,51,92,93,95
73	1.53922313351,1.53927870644,41,50,51,84,92
74	0.499349202679,0.499363779623,35,54,84
75	0.848030199497,0.848065471247,29,34,37,51,54,65,85,91
76	0.287724510826,0.287730656526,9
77	0.65658577013,0.656608621469,0,5,32,37,40,41,44,69,79,83,85,86,87
78	1.45598382087,1.45605184215,13,19,34,82
79	1.23704547635,1.23709820815,0,26,43,74,90
8	0.58457492152,0.584591348894,13,41,59,87
80	0.521533879081,0.52155180131,31,79
81	2.0746689806,2.07476283373,5,21,26,78,93,96
82	0.622831899216,0.622857120751,2,23,24,32,52,53
83	0.808415219194,0.808444062695,1,4,10,18,27,29,70
84	0.880191065216,0.880219543219,9,21
85	1.38061534649,1.38067128581,32,54,57,64,69,90,99
86	0.344624910539,0.344633243269,11,60,71,95
87	1.70156764225,1.70163917722,8,19,20,27,30,47,54,63
88	0.545382735491,0.545399972708,21,26,44,50,55,82
89	0.606331894119,0.606350723374,16,32,35,38,40,57,58
9	0.956615199763,0.956646432722,33,39,41,43,51,69,80
90	0.836767738617,0.836794057998,1,26,52,93,96
91	1.01634856049,1.01639048299,12,24,66,81,95
92	1.13502931093,1.13507502435,22,34,39,57
93	1.79256188378,1.79263951783,15,43,66,75
94	0.962911918108,0.962949410863,4,17,20,90
95	0.771821498351,0.771851083367,76,88
96	1.2456861485,1.24573619788,12,13,24,31,60,74
97	0.412975955277,0.412986581296,37,50,62,89
98	1.01199044075,1.0120256348,5,13,15,28,49,66,92,94
99	0.918591262718,0.918624721315,1,83
i	32
