i	44
NodeId:0	0.671623367648,0.671626701569,1,15,66,96
NodeId:1	0.192924454413,0.192924685374,37,72
NodeId:10	1.09395289676,1.09395814108,4,6,38,67,78,80
NodeId:11	0.567549342216,0.567551633974,6,28,40,49,51,67,89
NodeId:12	0.507105367386,0.507107133162,24,28,50,55,67,85,98
NodeId:13	0.809986807544,0.809990654385,25,32,33,35,76
NodeId:14	1.10878934324,1.10879482596,36,39,44,62,98
NodeId:15	0.303310512778,0.303311192269,47,70,79,95,97
NodeId:16	1.68248084405,1.68249034877,45,52,67,80
NodeId:17	0.223616599021,0.223616952454,18,39,41,53,63,72,79,99
NodeId:18	0.846784929611,0.846789262062,52,61,62,87
NodeId:19	1.5731028796,1.5731116414,27,33,37,45,92
NodeId:2	0.750519555339,0.750523324889,31,63
NodeId:20	1.35926349055,1.35927069581,7,94
NodeId:21	1.00833798289,1.0083435702
NodeId:22	2.55152132426,2.55153042553,25,65,72,83,97
NodeId:23	0.358029138192,0.358030214805,92,99
NodeId:24	0.494609745606,0.494611595726,9,10,18,38,55,93,94
NodeId:25	1.65413104348,1.65414013427,63
NodeId:26	0.721458583586,0.721461236604,15,23,28,64
NodeId:27	1.67371644976,1.67372600066,32,68,70,92
NodeId:28	1.09519198048,1.09519790887,21,25,72
NodeId:29	1.12528389159,1.12528960487,18,23,31,36,86
NodeId:3	0.362385178037,0.362386273715,30,42,45,86
NodeId:30	1.47940496051,1.47941330778,80,84,95
NodeId:31	0.57224520438,0.572247647933,29,36,46,49,54,62,70,85
NodeId:32	1.64110390316,1.64111323003,2,3,6,27,47,69,71,91
NodeId:33	1.41365980276,1.41366758278,2,56,58,86
NodeId:34	1.23797545891,1.23798268807,0,7,77,78
NodeId:35	0.240087773919,0.240088353223,12,18,62,64,65,66,83,91
NodeId:36	1.00487203155,1.004876622,12,20,30,34,61,75,77,99
NodeId:37	1.22391387358,1.22392024082,40,59,71,97
NodeId:38	0.592930271648,0.592933253086,30,41,98
NodeId:39	1.18013897681,1.18014515619,31,43,68,71,92
NodeId:4	1.36028581897,1.36029305089,24,42,46,86
NodeId:40	0.606107857633,0.606110550079,7,71,72,73
NodeId:41	1.289279759,1.28928595922,44,45,49,66
NodeId:42	0.15,0.15,36,45,70,89,99
NodeId:43	0.540482082839,0.540484251839,4,21,24,56,67,68,80,86,90
NodeId:44	1.56327458113,1.5632833117,17,37,38
NodeId:45	1.60852856825,1.60853725023,18,53,58,83,86,90
NodeId:46	0.756403978713,0.756407662345,78
NodeId:47	0.259092548407,0.259092958007,5,14,52,70,73
NodeId:48	0.556691441947,0.556693950467,18,39,61,79,89
NodeId:49	0.15,0.15,2,29,31,39,84
NodeId:5	1.34553940757,1.34554624277,2,9,24,50,61,81,98
NodeId:50	0.227252496945,0.227252874418,0,20,46,68
NodeId:51	1.484577216,1.48458452571,38,45,61,71
NodeId:52	0.507529199114,0.507531633462,27,31,64,91
NodeId:53	0.760604093937,0.760607364417,2,13,65,78,95
NodeId:54	0.630054897656,0.630057788259,12,69,77
NodeId:55	0.785615793938,0.785619129383,10,19,22,25,51,58,62
NodeId:56	0.569393974643,0.569396494815,29,36,80,96,98
NodeId:57	0.317618173415,0.317619223417,86,94,96,98
NodeId:58	1.31734618804,1.31735342234,16,38,71,73,78
NodeId:59	0.451492709471,0.451494545322,10,24,69,92
NodeId:6	1.19864882458,1.19865504511,15,22,58,80
NodeId:60	0.399668503245,0.399669872978,14,49,53,56,65
NodeId:61	0.91557282904,0.915577399047,6,9,18,20,99
NodeId:62	0.270147359109,0.270147947281,11,22,33,91
NodeId:63	0.762383850451,0.762387233587,3,64,65,72
NodeId:64	2.59057519987,2.59059104551,3,27,28,31,33,39,78
NodeId:65	1.0735292385,1.07353395289,27,88
NodeId:66	1.34609347782,1.3461000588,8,19,72,81,83,98
NodeId:67	1.03004917758,1.0300544824,2,26,30,31,32,45
NodeId:68	0.909560090826,0.909564795266,1,6,19,28,40,81,85
NodeId:69	0.201045734896,0.201045981796,12,22,42,46,55,72,88
NodeId:7	1.18858599116,1.18859236163,12,21,38,57,93
NodeId:70	1.21215531275,1.21216213934,20,63,99
NodeId:71	1.24333476923,1.24334074099,15,16,45,84,97
NodeId:72	0.903947332087,0.903951970533,10,49,51,92,93,95
NodeId:73	1.53898712619,1.53899425357,41,50,51,84,92
NodeId:74	0.499287297248,0.499289166781,35,54,84
NodeId:75	0.847880407298,0.847884930997,29,34,37,51,54,65,85,91
NodeId:76	0.287698411245,0.287699199449,9
NodeId:77	0.656488724986,0.656491655734,0,5,32,37,40,41,44,69,79,83,85,86,87
NodeId:78	1.45569494787,1.45570367178,13,19,34,82
NodeId:79	1.23682153476,1.23682829776,0,26,43,74,90
NodeId:8	0.584505157704,0.584507264559,13,41,59,87
NodeId:80	0.5214577669,0.521460065476,31,79
NodeId:81	2.07427040474,2.07428244166,5,21,26,78,93,96
NodeId:82	0.622724788304,0.622728023036,2,23,24,32,52,53
NodeId:83	0.808292726533,0.808296425792,1,4,10,18,27,29,70
NodeId:84	0.880070124733,0.880073777114,9,21
NodeId:85	1.38037778317,1.38038495754,32,54,57,64,69,90,99
NodeId:86	0.344589523073,0.344590591768,11,60,71,95
NodeId:87	1.70126384729,1.70127302184,8,19,20,27,30,47,54,63
NodeId:88	0.54530953242,0.545311743142,21,26,44,50,55,82
NodeId:89	0.606251929978,0.606254344883,16,32,35,38,40,57,58
NodeId:9	0.956482559503,0.956486565218,33,39,41,43,51,69,80
NodeId:90	0.836655965374,0.836659340908,1,26,52,93,96
NodeId:91	1.01617052386,1.01617590054,12,24,66,81,95
NodeId:92	1.13483517501,1.13484103788,22,34,39,57
NodeId:93	1.79223218718,1.79224214396,15,43,66,75
NodeId:94	0.962752693732,0.962757502279,4,17,20,90
NodeId:95	0.771695856572,0.771699650933,76,88
NodeId:96	1.24547359864,1.24548001761,12,13,24,31,60,74
NodeId:97	0.412930828654,0.412932191471,37,50,62,89
NodeId:98	1.01184097856,1.01184549229,5,13,15,28,49,66,92,94
NodeId:99	0.918449170629,0.918453461785,1,83
