i	2
NodeId:0	0.675092170329,0.810384615385,1,15,66,96
NodeId:1	0.159807692308,0.605357142857,37,72
NodeId:10	1.86482108735,0.9575,4,6,38,67,78,80
NodeId:11	0.806494897958,0.655952380952,6,28,40,49,51,67,89
NodeId:12	0.61375206044,1.50392857143,24,28,50,55,67,85,98
NodeId:13	0.844322668652,0.32,25,32,33,35,76
NodeId:14	1.20149047619,1.16291666667,36,39,44,62,98
NodeId:15	0.314333333334,1.23375,47,70,79,95,97
NodeId:16	1.21706446887,0.7025,45,52,67,80
NodeId:17	0.182959183673,0.767261904762,18,39,41,53,63,72,79,99
NodeId:18	0.662259271978,0.32,52,61,62,87
NodeId:19	1.40816226616,1.08702380952,27,33,37,45,92
NodeId:2	0.776245710142,1.74678571429,31,63
NodeId:20	1.44385755876,1.30458333333,7,94
NodeId:21	1.07581696429,0.25625
NodeId:22	2.79718826313,3.13646825397,25,65,72,83,97
NodeId:23	0.329276720303,0.461666666667,92,99
NodeId:24	0.456981547619,1.45670634921,9,10,18,38,55,93,94
NodeId:25	1.63013992184,0.84619047619,63
NodeId:26	0.737599603175,0.773333333334,15,23,28,64
NodeId:27	1.81175038919,0.859345238095,32,68,70,92
NodeId:28	1.09889742772,1.57678571429,21,25,72
NodeId:29	1.21722854663,0.839107142857,18,23,31,36,86
NodeId:3	0.473338988096,0.377678571428,30,42,45,86
NodeId:30	1.61843981936,0.908928571428,80,84,95
NodeId:31	0.958280853173,1.10625,29,36,46,49,54,62,70,85
NodeId:32	2.14555992282,1.96535714286,2,3,6,27,47,69,71,91
NodeId:33	1.0715658801,0.86097985348,2,56,58,86
NodeId:34	1.55171758079,0.945357142857,0,7,77,78
NodeId:35	0.199052083333,0.7875,12,18,62,64,65,66,83,91
NodeId:36	0.947751354003,1.06476190476,12,20,30,34,61,75,77,99
NodeId:37	1.26906674107,1.58083333333,40,59,71,97
NodeId:38	0.35380540293,0.670741758242,30,41,98
NodeId:39	0.906286174887,1.75285714286,31,43,68,71,92
NodeId:4	1.72376331491,0.95378968254,24,42,46,86
NodeId:40	0.549324769972,0.575,7,71,72,73
NodeId:41	1.3879122449,0.57967032967,44,45,49,66
NodeId:42	0.15,1.32139652015,36,45,70,89,99
NodeId:43	0.493495612027,0.866428571428,4,21,24,56,67,68,80,86,90
NodeId:44	1.36646692504,0.719313186813,17,37,38
NodeId:45	1.29984839744,0.985833333334,18,53,58,83,86,90
NodeId:46	0.822670371642,1.5525,78
NodeId:47	0.432302455357,0.653928571428,5,14,52,70,73
NodeId:48	0.76195439942,0.25625,18,39,61,79,89
NodeId:49	0.15,1.0080952381,2,29,31,39,84
NodeId:5	1.2363356993,0.633301282052,2,9,24,50,61,81,98
NodeId:50	0.291666666667,0.775357142857,0,20,46,68
NodeId:51	1.62347110806,0.903869047619,38,45,61,71
NodeId:52	0.29928125,1.22666666667,27,31,64,91
NodeId:53	0.960127579365,0.25625,2,13,65,78,95
NodeId:54	0.625215194652,1.3268452381,12,69,77
NodeId:55	0.996680729985,0.413095238095,10,19,22,25,51,58,62
NodeId:56	0.612827464896,0.605357142857,29,36,80,96,98
NodeId:57	0.286494832548,1.0398015873,86,94,96,98
NodeId:58	1.10053134812,0.15,16,38,71,73,78
NodeId:59	0.322618905896,1.17202380952,10,24,69,92
NodeId:6	1.3983199263,0.3625,15,22,58,80
NodeId:60	0.287416666667,1.16494047619,14,49,53,56,65
NodeId:61	0.600103994963,0.866428571428,6,9,18,20,99
NodeId:62	0.277234375,0.696428571428,11,22,33,91
NodeId:63	0.880188127127,1.06375,3,64,65,72
NodeId:64	2.35886054149,2.14851190476,3,27,28,31,33,39,78
NodeId:65	1.48509196429,1.1275,27,88
NodeId:66	1.06363103633,0.32,8,19,72,81,83,98
NodeId:67	0.945403336495,1.3825,2,26,30,31,32,45
NodeId:68	0.931005803572,1.31841269841,1,6,19,28,40,81,85
NodeId:69	0.231829365079,0.498717948718,12,22,42,46,55,72,88
NodeId:7	1.51804802514,1.13660714286,12,21,38,57,93
NodeId:70	1.00924627976,1.18517857143,20,63,99
NodeId:71	1.47678257212,1.57375,15,16,45,84,97
NodeId:72	0.862267113095,1.91375,10,49,51,92,93,95
NodeId:73	1.90304690171,0.823928571428,41,50,51,84,92
NodeId:74	0.458792857143,0.15,35,54,84
NodeId:75	0.663885325092,0.461666666667,29,34,37,51,54,65,85,91
NodeId:76	0.2044,1.06375,9
NodeId:77	1.35476537699,0.15,0,5,32,37,40,41,44,69,79,83,85,86,87
NodeId:78	0.970013888888,2.0068452381,13,19,34,82
NodeId:79	1.77407823129,0.937884615385,0,26,43,74,90
NodeId:8	1.00492440858,0.85125,13,41,59,87
NodeId:80	0.388731036324,1.20069444444,31,79
NodeId:81	1.39284070295,1.01619047619,5,21,26,78,93,96
NodeId:82	0.65335548306,0.483928571428,2,23,24,32,52,53
NodeId:83	1.16066517857,0.709583333334,1,4,10,18,27,29,70
NodeId:84	0.916338892705,1.40538461538,9,21
NodeId:85	1.30664334255,1.12407509157,32,54,57,64,69,90,99
NodeId:86	0.391479673601,0.291666666667,11,60,71,95
NodeId:87	1.45968867903,1.82021367521,8,19,20,27,30,47,54,63
NodeId:88	1.04919219322,1.0,21,26,44,50,55,82
NodeId:89	0.6291875,0.271428571428,16,32,35,38,40,57,58
NodeId:9	1.53922425432,1.54035714286,33,39,41,43,51,69,80
NodeId:90	1.52629833857,1.74003968254,1,26,52,93,96
NodeId:91	0.985751148505,0.271428571428,12,24,66,81,95
NodeId:92	1.35184181548,1.94916666667,22,34,39,57
NodeId:93	1.9237330428,1.1355952381,15,43,66,75
NodeId:94	1.11822902494,0.674166666667,4,17,20,90
NodeId:95	0.513071428571,1.95017857143,76,88
NodeId:96	1.61283728632,0.5325,12,13,24,31,60,74
NodeId:97	0.627275,1.39666666667,37,50,62,89
NodeId:98	1.20917018468,0.15,5,13,15,28,49,66,92,94
NodeId:99	0.976418486177,1.93803571429,1,83
