i	4
NodeId:0	0.692981488226,0.843312451904,1,15,66,96
NodeId:1	0.185647670227,0.238580813111,37,72
NodeId:10	1.12491829684,1.27738489613,4,6,38,67,78,80
NodeId:11	0.570475576759,0.602674456944,6,28,40,49,51,67,89
NodeId:12	0.555178038039,0.578320608218,24,28,50,55,67,85,98
NodeId:13	0.811155520148,0.845055147843,25,32,33,35,76
NodeId:14	1.17174044063,1.2122079418,36,39,44,62,98
NodeId:15	0.313424582411,0.306739915675,47,70,79,95,97
NodeId:16	1.82167636836,1.81706407795,45,52,67,80
NodeId:17	0.244855638871,0.226401339286,18,39,41,53,63,72,79,99
NodeId:18	0.918709449433,0.81537799368,52,61,62,87
NodeId:19	1.65501597532,1.44688703273,27,33,37,45,92
NodeId:2	0.772913942893,0.702201243975,31,63
NodeId:20	1.38763858562,1.30674122257,7,94
NodeId:21	1.08990003705,0.984931051586
NodeId:22	2.69007005947,2.68339644769,25,65,72,83,97
NodeId:23	0.344244799592,0.391734919262,92,99
NodeId:24	0.525909593968,0.513668768602,9,10,18,38,55,93,94
NodeId:25	1.7729027633,1.77711911383,63
NodeId:26	0.749836771241,0.769056858403,15,23,28,64
NodeId:27	1.63919686381,1.78996550406,32,68,70,92
NodeId:28	1.08383067386,1.29556289238,21,25,72
NodeId:29	1.14239576217,1.24991183269,18,23,31,36,86
NodeId:3	0.35805530273,0.350218484823,30,42,45,86
NodeId:30	1.47317493095,1.44199082655,80,84,95
NodeId:31	0.570861096894,0.469279340168,29,36,46,49,54,62,70,85
NodeId:32	1.61351599542,1.67202568024,2,3,6,27,47,69,71,91
NodeId:33	1.43010959588,1.42325872703,2,56,58,86
NodeId:34	1.27130779206,1.2174317866,0,7,77,78
NodeId:35	0.25211529743,0.220537815791,12,18,62,64,65,66,83,91
NodeId:36	1.07414937473,1.04079040539,12,20,30,34,61,75,77,99
NodeId:37	1.28848979534,1.23870339029,40,59,71,97
NodeId:38	0.656919194567,0.537165628761,30,41,98
NodeId:39	1.3376986877,1.33622104707,31,43,68,71,92
NodeId:4	1.42670233671,1.60012120226,24,42,46,86
NodeId:40	0.628178340715,0.730193100171,7,71,72,73
NodeId:41	1.30912585878,1.52624484805,44,45,49,66
NodeId:42	0.15,0.15,36,45,70,89,99
NodeId:43	0.58832100223,0.645034948006,4,21,24,56,67,68,80,86,90
NodeId:44	1.68194149989,1.78912656906,17,37,38
NodeId:45	1.73563091552,1.68275043441,18,53,58,83,86,90
NodeId:46	0.78537036977,0.809337998283,78
NodeId:47	0.263320986543,0.313796507317,5,14,52,70,73
NodeId:48	0.56956223049,0.586494330613,18,39,61,79,89
NodeId:49	0.15,0.15,2,29,31,39,84
NodeId:5	1.41732666227,1.43203555139,2,9,24,50,61,81,98
NodeId:50	0.218678141173,0.298635560706,0,20,46,68
NodeId:51	1.5437738787,1.75354056409,38,45,61,71
NodeId:52	0.536126116565,0.408626199635,27,31,64,91
NodeId:53	0.723423590116,0.857670450464,2,13,65,78,95
NodeId:54	0.650943583798,0.614065778005,12,69,77
NodeId:55	0.828163677427,0.812424969192,10,19,22,25,51,58,62
NodeId:56	0.591847147993,0.473176501768,29,36,80,96,98
NodeId:57	0.338637866731,0.308663834453,86,94,96,98
NodeId:58	1.44046851881,1.41761214042,16,38,71,73,78
NodeId:59	0.483245283746,0.410546528923,10,24,69,92
NodeId:6	1.24782934854,1.43837175566,15,22,58,80
NodeId:60	0.409808887907,0.461674712869,14,49,53,56,65
NodeId:61	0.980369205338,0.886542764893,6,9,18,20,99
NodeId:62	0.273136179132,0.300681531756,11,22,33,91
NodeId:63	0.774434769143,0.85112227161,3,64,65,72
NodeId:64	2.71996441535,2.48467164284,3,27,28,31,33,39,78
NodeId:65	1.13525287632,1.06933604065,27,88
NodeId:66	1.42939225455,1.45772096049,8,19,72,81,83,98
NodeId:67	1.11795857521,0.959876743078,2,26,30,31,32,45
NodeId:68	1.00194816455,1.01522776147,1,6,19,28,40,81,85
NodeId:69	0.210919967312,0.196607918914,12,22,42,46,55,72,88
NodeId:7	1.19666370483,1.38755700025,12,21,38,57,93
NodeId:70	1.24089872299,1.26536793379,20,63,99
NodeId:71	1.35810588141,1.31451935928,15,16,45,84,97
NodeId:72	0.952553702151,0.915055001376,10,49,51,92,93,95
NodeId:73	1.69960293592,1.54324648685,41,50,51,84,92
NodeId:74	0.536795624165,0.568708213259,35,54,84
NodeId:75	0.874523108394,0.961085152277,29,34,37,51,54,65,85,91
NodeId:76	0.293659375134,0.29353485367,9
NodeId:77	0.687347157647,0.545199662294,0,5,32,37,40,41,44,69,79,83,85,86,87
NodeId:78	1.51126389367,1.55877096934,13,19,34,82
NodeId:79	1.28545140318,1.29892457014,0,26,43,74,90
NodeId:8	0.555256153287,0.606199831382,13,41,59,87
NodeId:80	0.546274185703,0.455772985627,31,79
NodeId:81	2.20211979349,2.19751397387,5,21,26,78,93,96
NodeId:82	0.655128862225,0.506254429161,2,23,24,32,52,53
NodeId:83	0.805414341677,0.864294480812,1,4,10,18,27,29,70
NodeId:84	0.903646854137,0.919397291334,9,21
NodeId:85	1.40415684176,1.55348831426,32,54,57,64,69,90,99
NodeId:86	0.35798761294,0.383645664813,11,60,71,95
NodeId:87	1.78200830962,1.78601144753,8,19,20,27,30,47,54,63
NodeId:88	0.572883342832,0.48478687887,21,26,44,50,55,82
NodeId:89	0.604467817276,0.781164084823,16,32,35,38,40,57,58
NodeId:9	0.986421115482,1.02772141727,33,39,41,43,51,69,80
NodeId:90	0.885326555661,0.734628847635,1,26,52,93,96
NodeId:91	1.03589029922,1.02864652203,12,24,66,81,95
NodeId:92	1.11674418161,1.19049463022,22,34,39,57
NodeId:93	1.89387139603,1.84998565128,15,43,66,75
NodeId:94	0.939096026506,1.00848456301,4,17,20,90
NodeId:95	0.785892747874,0.854969067951,76,88
NodeId:96	1.26808483615,1.25847659389,12,13,24,31,60,74
NodeId:97	0.425614076742,0.454489703927,37,50,62,89
NodeId:98	1.02159879469,0.995443551373,5,13,15,28,49,66,92,94
NodeId:99	0.952731566154,0.894648779063,1,83
