0	0.671648435755,0.671656915444,1,15,66,96
1	0.192926191032,0.192926778472,37,72
10	1.09399232928,1.09400566796,4,6,38,67,78,80
11	0.567566574174,0.56757240316,6,28,40,49,51,67,89
12	0.507118644437,0.507123135614,24,28,50,55,67,85,98
13	0.810015732329,0.810025516601,25,32,33,35,76
14	1.10883056831,1.10884451336,36,39,44,62,98
15	0.303315621941,0.303317350198,47,70,79,95,97
16	1.68255231094,1.68257648576,45,52,67,80
17	0.22361925651,0.223620155448,18,39,41,53,63,72,79,99
18	0.84681750573,0.846828525122,52,61,62,87
19	1.57316876042,1.57319104566,27,33,37,45,92
2	0.750547898969,0.750557486657,31,63
20	1.35931766757,1.35933599381,7,94
21	1.00837999442,1.00839420549
22	2.5515897576,2.55161290628,25,65,72,83,97
23	0.358037233343,0.358039971658,92,99
24	0.494623656842,0.49462836254,9,10,18,38,55,93,94
25	1.65419939802,1.65422252004,63
26	0.72147853189,0.721485279724,15,23,28,64
27	1.67378826398,1.67381255629,32,68,70,92
28	1.09523655659,1.09525163517,21,25,72
29	1.1253268503,1.12534138177,18,23,31,36,86
3	0.362393416556,0.362396203367,30,42,45,86
30	1.47946772443,1.47948895534,80,84,95
31	0.572263577708,0.572269792783,29,36,46,49,54,62,70,85
32	1.64117403283,1.64119775532,2,3,6,27,47,69,71,91
33	1.4137183015,1.41373808963,2,56,58,86
34	1.23802981567,1.23804820272,0,7,77,78
35	0.240092129773,0.24009360321,12,18,62,64,65,66,83,91
36	1.00490654766,1.00491822328,12,20,30,34,61,75,77,99
37	1.22396174946,1.22397794424,40,59,71,97
38	0.592952689367,0.592960272517,30,41,98
39	1.1801854402,1.18020115718,31,43,68,71,92
4	1.36034019647,1.36035859053,24,42,46,86
40	0.606128102398,0.606134950516,7,71,72,73
41	1.28932637904,1.28934214902,44,45,49,66
42	0.15,0.15,36,45,70,89,99
43	0.540498391765,0.540503908521,4,21,24,56,67,68,80,86,90
44	1.56334022722,1.56336243306,17,37,38
45	1.60859384894,1.60861593118,18,53,58,83,86,90
46	0.756431676312,0.756441045468,78
47	0.259095628233,0.259096670033,5,14,52,70,73
48	0.556710303756,0.556716684065,18,39,61,79,89
49	0.15,0.15,2,29,31,39,84
5	1.34559080208,1.3456081871,2,9,24,50,61,81,98
50	0.227255335205,0.227256295292,0,20,46,68
51	1.4846321784,1.48465077032,38,45,61,71
52	0.507547503224,0.507553694883,27,31,64,91
53	0.760628685001,0.760637003323,2,13,65,78,95
54	0.630076632393,0.630083984516,12,69,77
55	0.785640873476,0.78564935703,10,19,22,25,51,58,62
56	0.569412924071,0.569419334018,29,36,80,96,98
57	0.317626068476,0.317628739108,86,94,96,98
58	1.31740058345,1.31741898356,16,38,71,73,78
59	0.451506513428,0.451511182836,10,24,69,92
6	1.1986955974,1.19871141906,15,22,58,80
60	0.399678802403,0.39968228626,14,49,53,56,65
61	0.915607191367,0.915618814974,6,9,18,20,99
62	0.270151781632,0.270153277622,11,22,33,91
63	0.762409288602,0.762417893462,3,64,65,72
64	2.59069434485,2.59073464756,3,27,28,31,33,39,78
65	1.07356468651,1.07357667737,27,88
66	1.34614296084,1.34615969927,8,19,72,81,83,98
67	1.03008906504,1.03010255761,2,26,30,31,32,45
68	0.909595463975,0.90960742951,1,6,19,28,40,81,85
69	0.20104759136,0.201048219339,12,22,42,46,55,72,88
7	1.18863389136,1.18865009437,12,21,38,57,93
70	1.21220664257,1.21222400569,20,63,99
71	1.24337967151,1.24339486043,15,16,45,84,97
72	0.903982209035,0.903994006719,10,49,51,92,93,95
73	1.53904071768,1.53905884586,41,50,51,84,92
74	0.499301354456,0.499306109534,35,54,84
75	0.847914421444,0.847925927273,29,34,37,51,54,65,85,91
76	0.287704337822,0.287706342582,9
77	0.656510761566,0.656518215791,0,5,32,37,40,41,44,69,79,83,85,86,87
78	1.45576054386,1.45578273276,13,19,34,82
79	1.23687238642,1.23688958781,0,26,43,74,90
8	0.584520999361,0.584526358056,13,41,59,87
80	0.521475050116,0.52148089644,31,79
81	2.07436091157,2.07439152696,5,21,26,78,93,96
82	0.622749110573,0.622757337972,2,23,24,32,52,53
83	0.808320541621,0.808329950521,1,4,10,18,27,29,70
84	0.880097587359,0.880106877032,9,21
85	1.38043172799,1.38044997569,32,54,57,64,69,90,99
86	0.344597558701,0.344600276881,11,60,71,95
87	1.7013328317,1.70135616678,8,19,20,27,30,47,54,63
88	0.545326155048,0.545331777917,21,26,44,50,55,82
89	0.606270087882,0.606276230084,16,32,35,38,40,57,58
9	0.956512678864,0.95652286722,33,39,41,43,51,69,80
90	0.836681346345,0.836689931865,1,26,52,93,96
91	1.01621095163,1.01622462697,12,24,66,81,95
92	1.13487925853,1.13489417048,22,34,39,57
93	1.79230705322,1.79233237785,15,43,66,75
94	0.962788849695,0.962801080026,4,17,20,90
95	0.771724386748,0.771734037537,76,88
96	1.24552186352,1.24553818988,12,13,24,31,60,74
97	0.412941075807,0.412944542071,37,50,62,89
98	1.01187491776,1.01188639825,5,13,15,28,49,66,92,94
99	0.918481436269,0.918492350636,1,83
i	38
