0	0.68261813092,0.683256552589,1,15,66,96
1	0.193815003903,0.194069657754,37,72
10	1.11114271134,1.11523169096,4,6,38,67,78,80
11	0.575302933417,0.576431076146,6,28,40,49,51,67,89
12	0.513268009869,0.514827542686,24,28,50,55,67,85,98
13	0.822893813566,0.826647903679,25,32,33,35,76
14	1.1262313179,1.13067583845,36,39,44,62,98
15	0.305495607996,0.30614527548,47,70,79,95,97
16	1.71368571673,1.72301072911,45,52,67,80
17	0.224813431262,0.22553660167,18,39,41,53,63,72,79,99
18	0.861406576281,0.865010127513,52,61,62,87
19	1.60165509778,1.60767462567,27,33,37,45,92
2	0.763223373286,0.766145074348,31,63
20	1.38280189605,1.38802702684,7,94
21	1.02713599867,1.03094941154
22	2.58227763123,2.59232324538,25,65,72,83,97
23	0.361679851594,0.36156165453,92,99
24	0.500530904958,0.501983326054,9,10,18,38,55,93,94
25	1.6844634647,1.69200317485,63
26	0.73122509534,0.731744037627,15,23,28,64
27	1.70593991387,1.71187608387,32,68,70,92
28	1.11487990709,1.11824020152,21,25,72
29	1.14384702246,1.14726645272,18,23,31,36,86
3	0.365958045118,0.367003167807,30,42,45,86
30	1.50693112935,1.51141874027,80,84,95
31	0.580816956495,0.581474562654,29,36,46,49,54,62,70,85
32	1.67252446665,1.67757347518,2,3,6,27,47,69,71,91
33	1.44008010499,1.44578018515,2,56,58,86
34	1.26182143164,1.26671409289,0,7,77,78
35	0.241967528608,0.242490615143,12,18,62,64,65,66,83,91
36	1.01996952805,1.02292344526,12,20,30,34,61,75,77,99
37	1.2449889521,1.25140146875,40,59,71,97
38	0.602744256618,0.606156617644,30,41,98
39	1.20137322736,1.20557795099,31,43,68,71,92
4	1.38468690017,1.38776601291,24,42,46,86
40	0.615410966586,0.61620731132,7,71,72,73
41	1.31109142713,1.31329565247,44,45,49,66
42	0.15,0.15,36,45,70,89,99
43	0.547414090781,0.548911706289,4,21,24,56,67,68,80,86,90
44	1.59302634595,1.59792090571,17,37,38
45	1.63768572731,1.64304587066,18,53,58,83,86,90
46	0.768230603986,0.771817427474,78
47	0.260412539309,0.2603249919,5,14,52,70,73
48	0.564829652116,0.566977236226,18,39,61,79,89
49	0.15,0.15,2,29,31,39,84
5	1.36780408908,1.3751403311,2,9,24,50,61,81,98
50	0.228637624445,0.228851138951,0,20,46,68
51	1.50941304929,1.51358611982,38,45,61,71
52	0.516139779936,0.517406285896,27,31,64,91
53	0.771657334377,0.772173106289,2,13,65,78,95
54	0.63954366776,0.64171051501,12,69,77
55	0.796528704837,0.799130968204,10,19,22,25,51,58,62
56	0.577826902985,0.579355979472,29,36,80,96,98
57	0.321033899874,0.321982726062,86,94,96,98
58	1.34183233371,1.3490835393,16,38,71,73,78
59	0.457578262938,0.459345416338,10,24,69,92
6	1.21932608919,1.22255828404,15,22,58,80
60	0.404546751909,0.404452661711,14,49,53,56,65
61	0.931118644537,0.932858002365,6,9,18,20,99
62	0.272150758017,0.272622249139,11,22,33,91
63	0.773744748544,0.774198191656,3,64,65,72
64	2.6447211396,2.65285151472,3,27,28,31,33,39,78
65	1.08800184009,1.09295471931,27,88
66	1.36886844277,1.37296463779,8,19,72,81,83,98
67	1.04770477247,1.05232181986,2,26,30,31,32,45
68	0.925343942737,0.927461700436,1,6,19,28,40,81,85
69	0.20184166115,0.201975857822,12,22,42,46,55,72,88
7	1.2100271607,1.21548393869,12,21,38,57,93
70	1.23462920789,1.24011828363,20,63,99
71	1.26373017949,1.26546381576,15,16,45,84,97
72	0.919612371189,0.921977753816,10,49,51,92,93,95
73	1.56330355489,1.56787271366,41,50,51,84,92
74	0.505568181717,0.506065578196,35,54,84
75	0.863328037526,0.865576739836,29,34,37,51,54,65,85,91
76	0.290530143626,0.290924536009,9
77	0.666115679197,0.670111824393,0,5,32,37,40,41,44,69,79,83,85,86,87
78	1.48535310666,1.48868715014,13,19,34,82
79	1.25944621107,1.26359128914,0,26,43,74,90
8	0.592077799646,0.592793069571,13,41,59,87
80	0.529046097234,0.531455776061,31,79
81	2.11420289312,2.12455512862,5,21,26,78,93,96
82	0.633327345324,0.636119151972,2,23,24,32,52,53
83	0.820878267639,0.823868586203,1,4,10,18,27,29,70
84	0.893039415153,0.894433395827,9,21
85	1.40318978852,1.40851446955,32,54,57,64,69,90,99
86	0.348297305551,0.349072341041,11,60,71,95
87	1.73177804261,1.73687316279,8,19,20,27,30,47,54,63
88	0.552638343725,0.555089113728,21,26,44,50,55,82
89	0.614505755707,0.616110610392,16,32,35,38,40,57,58
9	0.969497585666,0.974486060658,33,39,41,43,51,69,80
90	0.848097860715,0.850568949656,1,26,52,93,96
91	1.03419077093,1.0368041821,12,24,66,81,95
92	1.15424187346,1.15918765323,22,34,39,57
93	1.82542815278,1.83450306971,15,43,66,75
94	0.978554196448,0.983220837066,4,17,20,90
95	0.783682610284,0.786582823397,76,88
96	1.2665941508,1.27319209015,12,13,24,31,60,74
97	0.417173545511,0.418335057767,37,50,62,89
98	1.02836213882,1.02838835378,5,13,15,28,49,66,92,94
99	0.933126160982,0.935852516486,1,83
i	8
