i	35
NodeId:0	0.671694300894,0.671712195383,1,15,66,96
NodeId:1	0.192929368388,0.192930608047,37,72
NodeId:10	1.09406447585,1.09409262415,4,6,38,67,78,80
NodeId:11	0.567598102128,0.567610402901,6,28,40,49,51,67,89
NodeId:12	0.507142936411,0.507152414032,24,28,50,55,67,85,98
NodeId:13	0.810068653724,0.810089301243,25,32,33,35,76
NodeId:14	1.10890599457,1.10893542247,36,39,44,62,98
NodeId:15	0.303324969774,0.303328616873,47,70,79,95,97
NodeId:16	1.68268306827,1.68273408383,45,52,67,80
NodeId:17	0.223624118707,0.223626015714,18,39,41,53,63,72,79,99
NodeId:18	0.846877107679,0.846900361648,52,61,62,87
NodeId:19	1.57328929734,1.57333632537,27,33,37,45,92
NodeId:2	0.750599757074,0.750619989746,31,63
NodeId:20	1.35941679097,1.3594554644,7,94
NodeId:21	1.00845685959,1.00848684888
NodeId:22	2.5517149647,2.55176381481,25,65,72,83,97
NodeId:23	0.358052044402,0.358057823002,92,99
NodeId:24	0.494649109132,0.494659039458,9,10,18,38,55,93,94
NodeId:25	1.65432446093,1.65437325479,63
NodeId:26	0.721515029729,0.721529269525,15,23,28,64
NodeId:27	1.67391965679,1.67397092028,32,68,70,92
NodeId:28	1.09531811397,1.09534993394,21,25,72
NodeId:29	1.12540544845,1.12543611387,18,23,31,36,86
NodeId:3	0.362408489925,0.362414370867,30,42,45,86
NodeId:30	1.47958255863,1.4796273617,80,84,95
NodeId:31	0.572297193936,0.572310309461,29,36,46,49,54,62,70,85
NodeId:32	1.64130234356,1.64135240457,2,3,6,27,47,69,71,91
NodeId:33	1.41382533202,1.41386709046,2,56,58,86
NodeId:34	1.23812926795,1.23816806971,0,7,77,78
NodeId:35	0.240100099336,0.240103208696,12,18,62,64,65,66,83,91
NodeId:36	1.00496969905,1.00499433785,12,20,30,34,61,75,77,99
NodeId:37	1.22404934416,1.22408351963,40,59,71,97
NodeId:38	0.592993705292,0.59300970784,30,41,98
NodeId:39	1.18027045059,1.18030361777,31,43,68,71,92
NodeId:4	1.36043968669,1.36047850324,24,42,46,86
NodeId:40	0.606165142651,0.60617959407,7,71,72,73
NodeId:41	1.28941167605,1.28944495506,44,45,49,66
NodeId:42	0.15,0.15,36,45,70,89,99
NodeId:43	0.540528230922,0.540539872801,4,21,24,56,67,68,80,86,90
NodeId:44	1.56346033468,1.56350719515,17,37,38
NodeId:45	1.60871328787,1.60875988751,18,53,58,83,86,90
NodeId:46	0.756482352425,0.756502123936,78
NodeId:47	0.259101263147,0.259103461634,5,14,52,70,73
NodeId:48	0.55674481372,0.556758277936,18,39,61,79,89
NodeId:49	0.15,0.15,2,29,31,39,84
NodeId:5	1.34568483456,1.34572152175,2,9,24,50,61,81,98
NodeId:50	0.227260528146,0.227262554195,0,20,46,68
NodeId:51	1.48473273877,1.48477197285,38,45,61,71
NodeId:52	0.507580992814,0.507594058927,27,31,64,91
NodeId:53	0.76067367733,0.760691231288,2,13,65,78,95
NodeId:54	0.630116398727,0.630131913741,12,69,77
NodeId:55	0.785686759525,0.785704662172,10,19,22,25,51,58,62
NodeId:56	0.569447594346,0.569461121109,29,36,80,96,98
NodeId:57	0.317640513447,0.317646149216,86,94,96,98
NodeId:58	1.31750010642,1.31753893576,16,38,71,73,78
NodeId:59	0.451531769437,0.451541623183,10,24,69,92
NodeId:6	1.19878117396,1.19881456203,15,22,58,80
NodeId:60	0.399697645961,0.39970499786,14,49,53,56,65
NodeId:61	0.915670061404,0.915694590432,6,9,18,20,99
NodeId:62	0.270159873173,0.270163030124,11,22,33,91
NodeId:63	0.762455830777,0.762473989417,3,64,65,72
NodeId:64	2.59091233504,2.59099738489,3,27,28,31,33,39,78
NodeId:65	1.07362954294,1.07365484696,27,88
NodeId:66	1.34623349602,1.34626881872,8,19,72,81,83,98
NodeId:67	1.03016204397,1.03019051702,2,26,30,31,32,45
NodeId:68	0.909660183435,0.909685434026,1,6,19,28,40,81,85
NodeId:69	0.201050987987,0.201052313196,12,22,42,46,55,72,88
NodeId:7	1.18872153058,1.18875572341,12,21,38,57,93
NodeId:70	1.21230055667,1.21233719768,20,63,99
NodeId:71	1.24346182568,1.2434938785,15,16,45,84,97
NodeId:72	0.904046020631,0.904070917013,10,49,51,92,93,95
NodeId:73	1.5391387698,1.53917702528,41,50,51,84,92
NodeId:74	0.499327073823,0.49933710835,35,54,84
NodeId:75	0.847976654443,0.848000934926,29,34,37,51,54,65,85,91
NodeId:76	0.287715181212,0.287719411809,9
NodeId:77	0.656551080156,0.656566810637,0,5,32,37,40,41,44,69,79,83,85,86,87
NodeId:78	1.45588055968,1.45592738439,13,19,34,82
NodeId:79	1.23696542569,1.23700172538,0,26,43,74,90
NodeId:8	0.58454998359,0.584561291917,13,41,59,87
NodeId:80	0.521506671851,0.521519009213,31,79
NodeId:81	2.07452650478,2.07459111171,5,21,26,78,93,96
NodeId:82	0.62279361111,0.622810973194,2,23,24,32,52,53
NodeId:83	0.808371432694,0.808391288073,1,4,10,18,27,29,70
NodeId:84	0.88014783356,0.880167437341,9,21
NodeId:85	1.38053042657,1.38056893427,32,54,57,64,69,90,99
NodeId:86	0.344612260856,0.344617996968,11,60,71,95
NodeId:87	1.70145904702,1.7015082905,8,19,20,27,30,47,54,63
NodeId:88	0.545356568157,0.54536843397,21,26,44,50,55,82
NodeId:89	0.606303309958,0.606316271701,16,32,35,38,40,57,58
NodeId:9	0.95656778588,0.956589286128,33,39,41,43,51,69,80
NodeId:90	0.836727783904,0.836745901725,1,26,52,93,96
NodeId:91	1.01628491912,1.01631377787,12,24,66,81,95
NodeId:92	1.13495991467,1.13499138302,22,34,39,57
NodeId:93	1.79244402969,1.79249747168,15,43,66,75
NodeId:94	0.962855001403,0.962880810791,4,17,20,90
NodeId:95	0.771776586157,0.771796951991,76,88
NodeId:96	1.24561016995,1.2456446231,12,13,24,31,60,74
NodeId:97	0.412959824213,0.412967138988,37,50,62,89
NodeId:98	1.01193701366,1.01196124065,5,13,15,28,49,66,92,94
NodeId:99	0.918540470162,0.918563502502,1,83
