0	0.672171073548,0.672286838209,1,15,66,96
1	0.192962397482,0.192970416478,37,72
10	1.09481444874,1.09499654192,4,6,38,67,78,80
11	0.567925838633,0.568005415246,6,28,40,49,51,67,89
12	0.507395454419,0.507456766103,24,28,50,55,67,85,98
13	0.810618778066,0.810752350059,25,32,33,35,76
14	1.10969005855,1.10988043371,36,39,44,62,98
15	0.303422141471,0.303445735314,47,70,79,95,97
16	1.68404230612,1.68437233688,45,52,67,80
17	0.223674662045,0.223686933555,18,39,41,53,63,72,79,99
18	0.847496677973,0.847647109869,52,61,62,87
19	1.57454229264,1.57484652651,27,33,37,45,92
2	0.751138828343,0.751269717886,31,63
20	1.36044718989,1.36069737692,7,94
21	1.00925588291,1.00944988691
22	2.55301650844,2.5533325268,25,65,72,83,97
23	0.358206007044,0.358243389892,92,99
24	0.494913688625,0.494977930231,9,10,18,38,55,93,94
25	1.65562450502,1.65594016153,63
26	0.721894429066,0.721986548098,15,23,28,64
27	1.67528550088,1.67561713184,32,68,70,92
28	1.09616591191,1.09637176274,21,25,72
29	1.12622248446,1.12642086561,18,23,31,36,86
3	0.362565179632,0.362603223569,30,42,45,86
30	1.48077627302,1.48106611049,80,84,95
31	0.572646638581,0.572731484715,29,36,46,49,54,62,70,85
32	1.64263614896,1.64295999933,2,3,6,27,47,69,71,91
33	1.4149379272,1.4152080695,2,56,58,86
34	1.23916308627,1.23941409965,0,7,77,78
35	0.240182944035,0.240203058483,12,18,62,64,65,66,83,91
36	1.00562616562,1.00578555938,12,20,30,34,61,75,77,99
37	1.22495990277,1.22518098839,40,59,71,97
38	0.593420071611,0.593523593544,30,41,98
39	1.18115414407,1.18136870599,31,43,68,71,92
4	1.36147389911,1.36172501031,24,42,46,86
40	0.606550180451,0.606643668745,7,71,72,73
41	1.29029834858,1.2905136335,44,45,49,66
42	0.15,0.15,36,45,70,89,99
43	0.540838412397,0.540913725872,4,21,24,56,67,68,80,86,90
44	1.56470886494,1.56501201745,17,37,38
45	1.60995486954,1.61025632947,18,53,58,83,86,90
46	0.757009136895,0.75713704301,78
47	0.259159838504,0.259174061305,5,14,52,70,73
48	0.557103548621,0.557190651853,18,39,61,79,89
49	0.15,0.15,2,29,31,39,84
5	1.34666231292,1.34689965001,2,9,24,50,61,81,98
50	0.227314509512,0.227327615308,0,20,46,68
51	1.48577807576,1.48603188746,38,45,61,71
52	0.507929121587,0.508013647548,27,31,64,91
53	0.761141377869,0.761254936391,2,13,65,78,95
54	0.630529774593,0.630630144613,12,69,77
55	0.786163750641,0.786279564927,10,19,22,25,51,58,62
56	0.569807995945,0.56989550351,29,36,80,96,98
57	0.317790670976,0.31782712955,86,94,96,98
58	1.31853466047,1.31878585394,16,38,71,73,78
59	0.45179430872,0.451858054455,10,24,69,92
6	1.19967075153,1.19988674637,15,22,58,80
60	0.399893526558,0.399941087316,14,49,53,56,65
61	0.916323602975,0.91648228437,6,9,18,20,99
62	0.270243985779,0.270264408654,11,22,33,91
63	0.76293964202,0.763057114274,3,64,65,72
64	2.59317837085,2.59372856668,3,27,28,31,33,39,78
65	1.07430373314,1.0744674293,27,88
66	1.34717461891,1.3474031296,8,19,72,81,83,98
67	1.03092066937,1.03110486518,2,26,30,31,32,45
68	0.910332948892,0.910496300511,1,6,19,28,40,81,85
69	0.201086296332,0.201094869268,12,22,42,46,55,72,88
7	1.18963255098,1.18985375122,12,21,38,57,93
70	1.21327680532,1.21351384268,20,63,99
71	1.24431582732,1.24452318233,15,16,45,84,97
72	0.904709349597,0.904870408584,10,49,51,92,93,95
73	1.54015803362,1.54040551307,41,50,51,84,92
74	0.499594429412,0.499659344406,35,54,84
75	0.848623573394,0.848780649746,29,34,37,51,54,65,85,91
76	0.28782789951,0.287855267985,9
77	0.656970197701,0.657071961482,0,5,32,37,40,41,44,69,79,83,85,86,87
78	1.45712813814,1.45743105484,13,19,34,82
79	1.23793258027,1.23816740658,0,26,43,74,90
8	0.584851278553,0.584924432586,13,41,59,87
80	0.521835383716,0.521915196619,31,79
81	2.07624786623,2.07666582235,5,21,26,78,93,96
82	0.623256199512,0.623368517892,2,23,24,32,52,53
83	0.808900452252,0.809028896932,1,4,10,18,27,29,70
84	0.880670148677,0.880796968414,9,21
85	1.38155640909,1.38180552569,32,54,57,64,69,90,99
86	0.344765091686,0.344802198475,11,60,71,95
87	1.70277106991,1.70308963472,8,19,20,27,30,47,54,63
88	0.545672716906,0.545749478907,21,26,44,50,55,82
89	0.606648657452,0.60673251096,16,32,35,38,40,57,58
9	0.957140629751,0.95727972016,33,39,41,43,51,69,80
90	0.837210508411,0.837327715803,1,26,52,93,96
91	1.01705381961,1.01724051213,12,24,66,81,95
92	1.13579834462,1.13600192015,22,34,39,57
93	1.79386791661,1.79421364043,15,43,66,75
94	0.963542656817,0.963709622156,4,17,20,90
95	0.772319204335,0.772450957007,76,88
96	1.24652812688,1.2467510074,12,13,24,31,60,74
97	0.413154715999,0.413202037078,37,50,62,89
98	1.01258250776,1.01273923426,5,13,15,28,49,66,92,94
99	0.919154134912,0.919303135796,1,83
i	24
