0	0.671667135771,0.671679454038,1,15,66,96
1	0.192927486496,0.192928339856,37,72
10	1.09402174469,1.09404112152,4,6,38,67,78,80
11	0.56757942867,0.567587896316,6,28,40,49,51,67,89
12	0.507128548698,0.507135072935,24,28,50,55,67,85,98
13	0.810037309303,0.810051522712,25,32,33,35,76
14	1.10886132091,1.10888157858,36,39,44,62,98
15	0.303319433216,0.303321943817,47,70,79,95,97
16	1.68260562298,1.68264074124,45,52,67,80
17	0.223621238912,0.223622544781,18,39,41,53,63,72,79,99
18	0.846841806482,0.846857814124,52,61,62,87
19	1.57321790542,1.57325027873,27,33,37,45,92
2	0.750569042422,0.750582970254,31,63
20	1.3593580819,1.35938470405,7,94
21	1.00841133369,1.00843197781
22	2.55164080672,2.55167443432,25,65,72,83,97
23	0.35804327207,0.358047249962,92,99
24	0.494634034185,0.494640870054,9,10,18,38,55,93,94
25	1.65425038835,1.65428397723,63
26	0.721493412695,0.721503215132,15,23,28,64
27	1.67384183511,1.67387712405,32,68,70,92
28	1.09526980895,1.09529171329,21,25,72
29	1.12535889613,1.1253800057,18,23,31,36,86
3	0.362399562231,0.362403610573,30,42,45,86
30	1.47951454434,1.47954538602,80,84,95
31	0.57227728363,0.572286312137,29,36,46,49,54,62,70,85
32	1.64122634735,1.64126080851,2,3,6,27,47,69,71,91
33	1.4137619397,1.41379068552,2,56,58,86
34	1.2380703641,1.23809707458,0,7,77,78
35	0.240095379103,0.240097519534,12,18,62,64,65,66,83,91
36	1.00493229558,1.00494925652,12,20,30,34,61,75,77,99
37	1.22399746334,1.22402098916,40,59,71,97
38	0.592969412273,0.592980428159,30,41,98
39	1.18022010042,1.18024293215,31,43,68,71,92
4	1.36038076036,1.36040748103,24,42,46,86
40	0.606143204356,0.60615315247,7,71,72,73
41	1.28936115612,1.28938406483,44,45,49,66
42	0.15,0.15,36,45,70,89,99
43	0.540510557709,0.540518571786,4,21,24,56,67,68,80,86,90
44	1.56338919712,1.56342145508,17,37,38
45	1.60864254627,1.60867462468,18,53,58,83,86,90
46	0.756452337846,0.756465948225,78
47	0.259097925685,0.259099439087,5,14,52,70,73
48	0.55672437407,0.55673364261,18,39,61,79,89
49	0.15,0.15,2,29,31,39,84
5	1.34562914076,1.34565439561,2,9,24,50,61,81,98
50	0.227257452457,0.227258847156,0,20,46,68
51	1.48467317862,1.4847001867,38,45,61,71
52	0.507561157514,0.507570152008,27,31,64,91
53	0.760647029156,0.760659113009,2,13,65,78,95
54	0.630092845821,0.630103526095,12,69,77
55	0.785659582018,0.785671905899,10,19,22,25,51,58,62
56	0.569427059747,0.569436371344,29,36,80,96,98
57	0.317631957944,0.317635837512,86,94,96,98
58	1.3174411607,1.31746789017,16,38,71,73,78
59	0.451516810742,0.451523593896,10,24,69,92
6	1.19873048846,1.19875347225,15,22,58,80
60	0.399686485251,0.399691546175,14,49,53,56,65
61	0.915632824576,0.915649709948,6,9,18,20,99
62	0.270155080694,0.270157253887,11,22,33,91
63	0.762428264655,0.762440764759,3,64,65,72
64	2.59078322326,2.59084177014,3,27,28,31,33,39,78
65	1.07359112961,1.07360854847,27,88
66	1.34617987361,1.34620418917,8,19,72,81,83,98
67	1.03011881982,1.03013842019,2,26,30,31,32,45
68	0.909621851229,0.909639233311,1,6,19,28,40,81,85
69	0.201048976224,0.201049888476,12,22,42,46,55,72,88
7	1.1886696234,1.18869316117,12,21,38,57,93
70	1.21224493298,1.21227015604,20,63,99
71	1.2434131672,1.24343523182,15,16,45,84,97
72	0.904008226134,0.904025364387,10,49,51,92,93,95
73	1.53908069524,1.53910702967,41,50,51,84,92
74	0.499311840691,0.499318748292,35,54,84
75	0.847939794922,0.8479565092,29,34,37,51,54,65,85,91
76	0.287708758861,0.287711671133,9
77	0.656527200157,0.656538028756,0,5,32,37,40,41,44,69,79,83,85,86,87
78	1.45580947641,1.45584170975,13,19,34,82
79	1.23691032015,1.23693530825,0,26,43,74,90
8	0.584532816736,0.584540601199,13,41,59,87
80	0.521487942849,0.521496435682,31,79
81	2.07442842681,2.07447290114,5,21,26,78,93,96
82	0.622767254218,0.622779205985,2,23,24,32,52,53
83	0.808341290798,0.808354958911,1,4,10,18,27,29,70
84	0.88011807361,0.880131568525,9,21
85	1.38047196912,1.38049847718,32,54,57,64,69,90,99
86	0.344603553026,0.344607501669,11,60,71,95
87	1.70138429188,1.70141819027,8,19,20,27,30,47,54,63
88	0.545338555003,0.545346723228,21,26,44,50,55,82
89	0.6062836331,0.60629255575,16,32,35,38,40,57,58
9	0.956535146954,0.956549947366,33,39,41,43,51,69,80
90	0.836700279747,0.836712751752,1,26,52,93,96
91	1.01624110946,1.01626097534,12,24,66,81,95
92	1.13491214344,1.13493380573,22,34,39,57
93	1.79236290091,1.79239968948,15,43,66,75
94	0.962815820898,0.962833587652,4,17,20,90
95	0.771745669355,0.771759688857,76,88
96	1.24555786759,1.24558158456,12,13,24,31,60,74
97	0.412948719858,0.412953755227,37,50,62,89
98	1.01190023534,1.0119169128,5,13,15,28,49,66,92,94
99	0.918505505415,0.918521360491,1,83
i	36
