i	36
NodeId:0	0.671679454038,0.671694300894,1,15,66,96
NodeId:1	0.192928339856,0.192929368388,37,72
NodeId:10	1.09404112152,1.09406447585,4,6,38,67,78,80
NodeId:11	0.567587896316,0.567598102128,6,28,40,49,51,67,89
NodeId:12	0.507135072935,0.507142936411,24,28,50,55,67,85,98
NodeId:13	0.810051522712,0.810068653724,25,32,33,35,76
NodeId:14	1.10888157858,1.10890599457,36,39,44,62,98
NodeId:15	0.303321943817,0.303324969774,47,70,79,95,97
NodeId:16	1.68264074124,1.68268306827,45,52,67,80
NodeId:17	0.223622544781,0.223624118707,18,39,41,53,63,72,79,99
NodeId:18	0.846857814124,0.846877107679,52,61,62,87
NodeId:19	1.57325027873,1.57328929734,27,33,37,45,92
NodeId:2	0.750582970254,0.750599757074,31,63
NodeId:20	1.35938470405,1.35941679097,7,94
NodeId:21	1.00843197781,1.00845685959
NodeId:22	2.55167443432,2.5517149647,25,65,72,83,97
NodeId:23	0.358047249962,0.358052044402,92,99
NodeId:24	0.494640870054,0.494649109132,9,10,18,38,55,93,94
NodeId:25	1.65428397723,1.65432446093,63
NodeId:26	0.721503215132,0.721515029729,15,23,28,64
NodeId:27	1.67387712405,1.67391965679,32,68,70,92
NodeId:28	1.09529171329,1.09531811397,21,25,72
NodeId:29	1.1253800057,1.12540544845,18,23,31,36,86
NodeId:3	0.362403610573,0.362408489925,30,42,45,86
NodeId:30	1.47954538602,1.47958255863,80,84,95
NodeId:31	0.572286312137,0.572297193936,29,36,46,49,54,62,70,85
NodeId:32	1.64126080851,1.64130234356,2,3,6,27,47,69,71,91
NodeId:33	1.41379068552,1.41382533202,2,56,58,86
NodeId:34	1.23809707458,1.23812926795,0,7,77,78
NodeId:35	0.240097519534,0.240100099336,12,18,62,64,65,66,83,91
NodeId:36	1.00494925652,1.00496969905,12,20,30,34,61,75,77,99
NodeId:37	1.22402098916,1.22404934416,40,59,71,97
NodeId:38	0.592980428159,0.592993705292,30,41,98
NodeId:39	1.18024293215,1.18027045059,31,43,68,71,92
NodeId:4	1.36040748103,1.36043968669,24,42,46,86
NodeId:40	0.60615315247,0.606165142651,7,71,72,73
NodeId:41	1.28938406483,1.28941167605,44,45,49,66
NodeId:42	0.15,0.15,36,45,70,89,99
NodeId:43	0.540518571786,0.540528230922,4,21,24,56,67,68,80,86,90
NodeId:44	1.56342145508,1.56346033468,17,37,38
NodeId:45	1.60867462468,1.60871328787,18,53,58,83,86,90
NodeId:46	0.756465948225,0.756482352425,78
NodeId:47	0.259099439087,0.259101263147,5,14,52,70,73
NodeId:48	0.55673364261,0.55674481372,18,39,61,79,89
NodeId:49	0.15,0.15,2,29,31,39,84
NodeId:5	1.34565439561,1.34568483456,2,9,24,50,61,81,98
NodeId:50	0.227258847156,0.227260528146,0,20,46,68
NodeId:51	1.4847001867,1.48473273877,38,45,61,71
NodeId:52	0.507570152008,0.507580992814,27,31,64,91
NodeId:53	0.760659113009,0.76067367733,2,13,65,78,95
NodeId:54	0.630103526095,0.630116398727,12,69,77
NodeId:55	0.785671905899,0.785686759525,10,19,22,25,51,58,62
NodeId:56	0.569436371344,0.569447594346,29,36,80,96,98
NodeId:57	0.317635837512,0.317640513447,86,94,96,98
NodeId:58	1.31746789017,1.31750010642,16,38,71,73,78
NodeId:59	0.451523593896,0.451531769437,10,24,69,92
NodeId:6	1.19875347225,1.19878117396,15,22,58,80
NodeId:60	0.399691546175,0.399697645961,14,49,53,56,65
NodeId:61	0.915649709948,0.915670061404,6,9,18,20,99
NodeId:62	0.270157253887,0.270159873173,11,22,33,91
NodeId:63	0.762440764759,0.762455830777,3,64,65,72
NodeId:64	2.59084177014,2.59091233504,3,27,28,31,33,39,78
NodeId:65	1.07360854847,1.07362954294,27,88
NodeId:66	1.34620418917,1.34623349602,8,19,72,81,83,98
NodeId:67	1.03013842019,1.03016204397,2,26,30,31,32,45
NodeId:68	0.909639233311,0.909660183435,1,6,19,28,40,81,85
NodeId:69	0.201049888476,0.201050987987,12,22,42,46,55,72,88
NodeId:7	1.18869316117,1.18872153058,12,21,38,57,93
NodeId:70	1.21227015604,1.21230055667,20,63,99
NodeId:71	1.24343523182,1.24346182568,15,16,45,84,97
NodeId:72	0.904025364387,0.904046020631,10,49,51,92,93,95
NodeId:73	1.53910702967,1.5391387698,41,50,51,84,92
NodeId:74	0.499318748292,0.499327073823,35,54,84
NodeId:75	0.8479565092,0.847976654443,29,34,37,51,54,65,85,91
NodeId:76	0.287711671133,0.287715181212,9
NodeId:77	0.656538028756,0.656551080156,0,5,32,37,40,41,44,69,79,83,85,86,87
NodeId:78	1.45584170975,1.45588055968,13,19,34,82
NodeId:79	1.23693530825,1.23696542569,0,26,43,74,90
NodeId:8	0.584540601199,0.58454998359,13,41,59,87
NodeId:80	0.521496435682,0.521506671851,31,79
NodeId:81	2.07447290114,2.07452650478,5,21,26,78,93,96
NodeId:82	0.622779205985,0.62279361111,2,23,24,32,52,53
NodeId:83	0.808354958911,0.808371432694,1,4,10,18,27,29,70
NodeId:84	0.880131568525,0.88014783356,9,21
NodeId:85	1.38049847718,1.38053042657,32,54,57,64,69,90,99
NodeId:86	0.344607501669,0.344612260856,11,60,71,95
NodeId:87	1.70141819027,1.70145904702,8,19,20,27,30,47,54,63
NodeId:88	0.545346723228,0.545356568157,21,26,44,50,55,82
NodeId:89	0.60629255575,0.606303309958,16,32,35,38,40,57,58
NodeId:9	0.956549947366,0.95656778588,33,39,41,43,51,69,80
NodeId:90	0.836712751752,0.836727783904,1,26,52,93,96
NodeId:91	1.01626097534,1.01628491912,12,24,66,81,95
NodeId:92	1.13493380573,1.13495991467,22,34,39,57
NodeId:93	1.79239968948,1.79244402969,15,43,66,75
NodeId:94	0.962833587652,0.962855001403,4,17,20,90
NodeId:95	0.771759688857,0.771776586157,76,88
NodeId:96	1.24558158456,1.24561016995,12,13,24,31,60,74
NodeId:97	0.412953755227,0.412959824213,37,50,62,89
NodeId:98	1.0119169128,1.01193701366,5,13,15,28,49,66,92,94
NodeId:99	0.918521360491,0.918540470162,1,83
