0	0.679274498071,0.6808284053,1,15,66,96
1	0.193432982791,0.193553717486,37,72
10	1.10600282197,1.10863162871,4,6,38,67,78,80
11	0.572881488577,0.573913218213,6,28,40,49,51,67,89
12	0.511112607183,0.512059175395,24,28,50,55,67,85,98
13	0.818801782769,0.82053145389,25,32,33,35,76
14	1.12133655916,1.12437654255,36,39,44,62,98
15	0.304886818443,0.30538533276,47,70,79,95,97
16	1.70453319996,1.70910986425,45,52,67,80
17	0.224362952105,0.22461855605,18,39,41,53,63,72,79,99
18	0.856755790932,0.858895708417,52,61,62,87
19	1.59344922321,1.59750941767,27,33,37,45,92
2	0.759271695576,0.760879949371,31,63
20	1.37582375063,1.3793747118,7,94
21	1.02102153105,1.02363701599
22	2.57236120158,2.57696432514,25,65,72,83,97
23	0.360507906774,0.36095206122,92,99
24	0.49898095319,0.499839326578,9,10,18,38,55,93,94
25	1.67499033141,1.67916942399,63
26	0.727574282435,0.728879145615,15,23,28,64
27	1.69555640387,1.70015040576,32,68,70,92
28	1.10896494255,1.11125121643,21,25,72
29	1.1384618749,1.14173020439,18,23,31,36,86
3	0.364918824219,0.365459177495,30,42,45,86
30	1.49855615032,1.50261283957,80,84,95
31	0.577921738315,0.579078039976,29,36,46,49,54,62,70,85
32	1.66252306349,1.66694840359,2,3,6,27,47,69,71,91
33	1.43142747417,1.43517430375,2,56,58,86
34	1.25453770275,1.25815511227,0,7,77,78
35	0.24141549195,0.241728603987,12,18,62,64,65,66,83,91
36	1.01553053299,1.01739871388,12,20,30,34,61,75,77,99
37	1.23859217702,1.24165370949,40,59,71,97
38	0.599816448026,0.601357464686,30,41,98
39	1.19428183268,1.19737557992,31,43,68,71,92
4	1.3770076351,1.38012471052,24,42,46,86
40	0.612295064024,0.613537752634,7,71,72,73
41	1.30355956998,1.30655744923,44,45,49,66
42	0.15,0.15,36,45,70,89,99
43	0.545428745736,0.546521395441,4,21,24,56,67,68,80,86,90
44	1.58349193515,1.58758746362,17,37,38
45	1.62857934017,1.63283090594,18,53,58,83,86,90
46	0.764845271523,0.766536677476,78
47	0.260038758553,0.260297296822,5,14,52,70,73
48	0.562504208631,0.563641394968,18,39,61,79,89
49	0.15,0.15,2,29,31,39,84
5	1.36124937548,1.36509119051,2,9,24,50,61,81,98
50	0.228076490952,0.228290432028,0,20,46,68
51	1.50159896071,1.50489977096,38,45,61,71
52	0.513185846153,0.514158214805,27,31,64,91
53	0.7681457986,0.76971136113,2,13,65,78,95
54	0.63675648036,0.637991038197,12,69,77
55	0.793268730617,0.794878269707,10,19,22,25,51,58,62
56	0.575176498411,0.57649018982,29,36,80,96,98
57	0.320046005357,0.320387331463,86,94,96,98
58	1.33387841194,1.33744473047,16,38,71,73,78
59	0.455680663779,0.456624034085,10,24,69,92
6	1.21298811167,1.2160058694,15,22,58,80
60	0.402822870999,0.403447348793,14,49,53,56,65
61	0.926166225851,0.928261429319,6,9,18,20,99
62	0.271502701319,0.271730090774,11,22,33,91
63	0.770270606343,0.771590744282,3,64,65,72
64	2.62683221257,2.63425066311,3,27,28,31,33,39,78
65	1.08429130639,1.08700795261,27,88
66	1.36134880199,1.36476108529,8,19,72,81,83,98
67	1.04232868021,1.04461988282,2,26,30,31,32,45
68	0.920403674017,0.922743059649,1,6,19,28,40,81,85
69	0.201615909569,0.201700219685,12,22,42,46,55,72,88
7	1.20327287649,1.20594795466,12,21,38,57,93
70	1.22789298617,1.23097786792,20,63,99
71	1.25719513649,1.26020265781,15,16,45,84,97
72	0.914682607333,0.916963736695,10,49,51,92,93,95
73	1.55526207742,1.55894407215,41,50,51,84,92
74	0.503583542826,0.504479133446,35,54,84
75	0.858290322553,0.860381100703,29,34,37,51,54,65,85,91
76	0.289490347161,0.289891948306,9
77	0.663181593798,0.66426914857,0,5,32,37,40,41,44,69,79,83,85,86,87
78	1.47578389371,1.47968132816,13,19,34,82
79	1.25228040205,1.25532247004,0,26,43,74,90
8	0.589401137814,0.590240030101,13,41,59,87
80	0.52681658793,0.52792444642,31,79
81	2.10221638466,2.10739486637,5,21,26,78,93,96
82	0.630193355368,0.631728031696,2,23,24,32,52,53
83	0.81677326927,0.818792079838,1,4,10,18,27,29,70
84	0.888518293913,0.890255442745,9,21
85	1.39700541639,1.40037886765,32,54,57,64,69,90,99
86	0.347027088896,0.347607722672,11,60,71,95
87	1.7223955069,1.72682761582,8,19,20,27,30,47,54,63
88	0.550342618633,0.551128171425,21,26,44,50,55,82
89	0.611978379859,0.612400782038,16,32,35,38,40,57,58
9	0.965734787081,0.967860553636,33,39,41,43,51,69,80
90	0.844525919491,0.845907422506,1,26,52,93,96
91	1.0284702655,1.0311714578,12,24,66,81,95
92	1.14838880872,1.15109453174,22,34,39,57
93	1.81503594687,1.82017359669,15,43,66,75
94	0.973845855278,0.975952739539,4,17,20,90
95	0.780457877004,0.782158744256,76,88
96	1.26023139465,1.26322044657,12,13,24,31,60,74
97	0.416149958397,0.416768383873,37,50,62,89
98	1.02231996353,1.02432488901,5,13,15,28,49,66,92,94
99	0.928510493477,0.930248528396,1,83
i	10
