0	0.673041559067,0.673335763414,1,15,66,96
1	0.193022697065,0.193043122779,37,72
10	1.09618359879,1.09664684016,4,6,38,67,78,80
11	0.568524193913,0.568726594666,6,28,40,49,51,67,89
12	0.507856481935,0.508012412396,24,28,50,55,67,85,98
13	0.811623121742,0.811962915788,25,32,33,35,76
14	1.11112154559,1.11160562864,36,39,44,62,98
15	0.303599554943,0.303659509567,47,70,79,95,97
16	1.68652381947,1.68736308944,45,52,67,80
17	0.223766939368,0.223798162924,18,39,41,53,63,72,79,99
18	0.848627760122,0.849010400311,52,61,62,87
19	1.5768298108,1.57760359228,27,33,37,45,92
2	0.752122976868,0.752455892185,31,63
20	1.36232841021,1.3629646525,7,94
21	1.01071462045,1.01120800836
22	2.55539270853,2.5561965478,25,65,72,83,97
23	0.358487091667,0.358582162912,92,99
24	0.495396709666,0.495560037279,9,10,18,38,55,93,94
25	1.65799794956,1.65880073501,63
26	0.72258710881,0.722821435027,15,23,28,64
27	1.6777790996,1.67862267084,32,68,70,92
28	1.09771373809,1.09823726341,21,25,72
29	1.12771418617,1.12821855719,18,23,31,36,86
3	0.362851224998,0.362948009558,30,42,45,86
30	1.48295561428,1.4836928564,80,84,95
31	0.573284607974,0.573500442618,29,36,46,49,54,62,70,85
32	1.64507121123,1.64589507127,2,3,6,27,47,69,71,91
33	1.41696918422,1.41765635824,2,56,58,86
34	1.2410504931,1.24168897431,0,7,77,78
35	0.240334177772,0.240385352963,12,18,62,64,65,66,83,91
36	1.00682462372,1.00723000917,12,20,30,34,61,75,77,99
37	1.2266222207,1.22718459525,40,59,71,97
38	0.59419842891,0.594461741134,30,41,98
39	1.18276747563,1.18331327201,31,43,68,71,92
4	1.36336201843,1.36400078688,24,42,46,86
40	0.607253136895,0.607490922004,7,71,72,73
41	1.29191711946,1.29246486678,44,45,49,66
42	0.15,0.15,36,45,70,89,99
43	0.54140471711,0.541596173254,4,21,24,56,67,68,80,86,90
44	1.56698835036,1.56775916086,17,37,38
45	1.6122215694,1.61298833088,18,53,58,83,86,90
46	0.757970875766,0.758296135057,78
47	0.259266789881,0.259302927714,5,14,52,70,73
48	0.557758483192,0.55797999937,18,39,61,79,89
49	0.15,0.15,2,29,31,39,84
5	1.34844692931,1.3490504392,2,9,24,50,61,81,98
50	0.227413057367,0.227446436952,0,20,46,68
51	1.48768647748,1.48833202414,38,45,61,71
52	0.508564656506,0.508779710902,27,31,64,91
53	0.761995226119,0.762284141796,2,13,65,78,95
54	0.631284438131,0.631539766384,12,69,77
55	0.787034546986,0.787329156581,10,19,22,25,51,58,62
56	0.570465982917,0.570688513097,29,36,80,96,98
57	0.318064781084,0.318157545928,86,94,96,98
58	1.32042344829,1.32106233846,16,38,71,73,78
59	0.452273619576,0.452435777502,10,24,69,92
6	1.20129487131,1.20184423559,15,22,58,80
60	0.400251153386,0.400372100556,14,49,53,56,65
61	0.917516721287,0.917920400065,6,9,18,20,99
62	0.270397543645,0.270449487985,11,22,33,91
63	0.763822900745,0.764121714377,3,64,65,72
64	2.59731529324,2.5987149693,3,27,28,31,33,39,78
65	1.0755345986,1.07595091882,27,88
66	1.34889288107,1.34947392625,8,19,72,81,83,98
67	1.03230558211,1.03277414099,2,26,30,31,32,45
68	0.911561244004,0.911976668516,1,6,19,28,40,81,85
69	0.201150749696,0.201172570665,12,22,42,46,55,72,88
7	1.19129577075,1.19185843445,12,21,38,57,93
70	1.21505911579,1.21566198764,20,63,99
71	1.24587496244,1.24640231881,15,16,45,84,97
72	0.905920371625,0.906330023434,10,49,51,92,93,95
73	1.54201890039,1.54264830348,41,50,51,84,92
74	0.500082538008,0.500247634758,35,54,84
75	0.849804680084,0.850204026092,29,34,37,51,54,65,85,91
76	0.288033695684,0.288103312255,9
77	0.657735323519,0.657994190403,0,5,32,37,40,41,44,69,79,83,85,86,87
78	1.45940580979,1.46017623444,13,19,34,82
79	1.23969826518,1.24029578926,0,26,43,74,90
8	0.585401320127,0.585587487862,13,41,59,87
80	0.522435488129,0.522638474664,31,79
81	2.0793904628,2.08045346361,5,21,26,78,93,96
82	0.624100717435,0.624386393462,2,23,24,32,52,53
83	0.809866241657,0.810193037679,1,4,10,18,27,29,70
84	0.881623734151,0.881946352602,9,21
85	1.38342952435,1.38406290305,32,54,57,64,69,90,99
86	0.345044096342,0.345138513014,11,60,71,95
87	1.70516640681,1.70597661406,8,19,20,27,30,47,54,63
88	0.546249851308,0.546445110826,21,26,44,50,55,82
89	0.607279140498,0.607492441853,16,32,35,38,40,57,58
9	0.958186482737,0.958540177256,33,39,41,43,51,69,80
90	0.838091761198,0.838389900583,1,26,52,93,96
91	1.01845760712,1.01893237061,12,24,66,81,95
92	1.13732904584,1.137846796,22,34,39,57
93	1.79646749435,1.79734685852,15,43,66,75
94	0.964798079522,0.965222741875,4,17,20,90
95	0.773309880768,0.773644838533,76,88
96	1.24820393886,1.24877096026,12,13,24,31,60,74
97	0.413510510824,0.413630856724,37,50,62,89
98	1.01376096627,1.01415977709,5,13,15,28,49,66,92,94
99	0.920274444613,0.920653438598,1,83
i	19
