i	16
NodeId:0	0.674633725714,0.675253769863,1,15,66,96
NodeId:1	0.193132964848,0.193176300003,37,72
NodeId:10	1.09869075729,1.09966566106,4,6,38,67,78,80
NodeId:11	0.569619040049,0.57004556586,6,28,40,49,51,67,89
NodeId:12	0.508700135083,0.509028543479,24,28,50,55,67,85,98
NodeId:13	0.813460985337,0.814176235166,25,32,33,35,76
NodeId:14	1.11374159376,1.11475615857,36,39,44,62,98
NodeId:15	0.303924689905,0.304050699085,47,70,79,95,97
NodeId:16	1.69106365692,1.69283754555,45,52,67,80
NodeId:17	0.223935934954,0.224001452736,18,39,41,53,63,72,79,99
NodeId:18	0.850697261618,0.851509183357,52,61,62,87
NodeId:19	1.58101464813,1.58264698564,27,33,37,45,92
NodeId:2	0.753923386723,0.754626477462,31,63
NodeId:20	1.36576956297,1.36711028748,7,94
NodeId:21	1.01338317478,1.01442606672
NodeId:22	2.55974032838,2.56143620652,25,65,72,83,97
NodeId:23	0.359001289488,0.35920164429,92,99
NodeId:24	0.496280353304,0.496626264873,9,10,18,38,55,93,94
NodeId:25	1.6623389416,1.66403381042,63
NodeId:26	0.723854115086,0.724351481903,15,23,28,64
NodeId:27	1.68234291959,1.68411785825,32,68,70,92
NodeId:28	1.1005448626,1.10164821933,21,25,72
NodeId:29	1.13044518889,1.13150390235,18,23,31,36,86
NodeId:3	0.363374754819,0.363579773348,30,42,45,86
NodeId:30	1.48694509355,1.48849357965,80,84,95
NodeId:31	0.574452233124,0.574908572299,29,36,46,49,54,62,70,85
NodeId:32	1.64952700883,1.65126335237,2,3,6,27,47,69,71,91
NodeId:33	1.42068461409,1.42213368597,2,56,58,86
NodeId:34	1.24450454214,1.24584844505,0,7,77,78
NodeId:35	0.240610919584,0.240719521249,12,18,62,64,65,66,83,91
NodeId:36	1.00901556472,1.00987391956,12,20,30,34,61,75,77,99
NodeId:37	1.22966370521,1.23085328973,40,59,71,97
NodeId:38	0.595622638701,0.596181746487,30,41,98
NodeId:39	1.18572072214,1.18687121839,31,43,68,71,92
NodeId:4	1.36681517272,1.36816385765,24,42,46,86
NodeId:40	0.608539174441,0.609041812118,7,71,72,73
NodeId:41	1.2948810628,1.29603755392,44,45,49,66
NodeId:42	0.15,0.15,36,45,70,89,99
NodeId:43	0.542440892824,0.542843848088,4,21,24,56,67,68,80,86,90
NodeId:44	1.57115796056,1.57278578365,17,37,38
NodeId:45	1.61637167807,1.61798374645,18,53,58,83,86,90
NodeId:46	0.759730178546,0.760415194932,78
NodeId:47	0.259462575103,0.259538008979,5,14,52,70,73
NodeId:48	0.558956570446,0.559422496418,18,39,61,79,89
NodeId:49	0.15,0.15,2,29,31,39,84
NodeId:5	1.35171349569,1.35298149258,2,9,24,50,61,81,98
NodeId:50	0.227593356746,0.227663714337,0,20,46,68
NodeId:51	1.49117824455,1.49254563532,38,45,61,71
NodeId:52	0.509727978429,0.510183098279,27,31,64,91
NodeId:53	0.763558606452,0.764165893514,2,13,65,78,95
NodeId:54	0.63266440827,0.63320413737,12,69,77
NodeId:55	0.788627718905,0.789248931386,10,19,22,25,51,58,62
NodeId:56	0.571669134502,0.572140207271,29,36,80,96,98
NodeId:57	0.318565854029,0.318762493671,86,94,96,98
NodeId:58	1.32387777575,1.32522853172,16,38,71,73,78
NodeId:59	0.453150299034,0.453492441472,10,24,69,92
NodeId:6	1.20426700383,1.2054222618,15,22,58,80
NodeId:60	0.400905767,0.401159650469,14,49,53,56,65
NodeId:61	0.919701362736,0.920551823215,6,9,18,20,99
NodeId:62	0.270678273524,0.270788069095,11,22,33,91
NodeId:63	0.76543888568,0.766069082362,3,64,65,72
NodeId:64	2.60488371378,2.60784407549,3,27,28,31,33,39,78
NodeId:65	1.07778711862,1.07866200193,27,88
NodeId:66	1.35203728654,1.35326332948,8,19,72,81,83,98
NodeId:67	1.0348395896,1.03583092274,2,26,30,31,32,45
NodeId:68	0.913807659952,0.914684584818,1,6,19,28,40,81,85
NodeId:69	0.201268585653,0.201314821956,12,22,42,46,55,72,88
NodeId:7	1.1943372106,1.1955258986,12,21,38,57,93
NodeId:70	1.21831830213,1.21959350543,20,63,99
NodeId:71	1.24872926532,1.2498411723,15,16,45,84,97
NodeId:72	0.908136745342,0.909001258428,10,49,51,92,93,95
NodeId:73	1.54542318581,1.54675477833,41,50,51,84,92
NodeId:74	0.500975717202,0.501323379521,35,54,84
NodeId:75	0.851965582153,0.852808654907,29,34,37,51,54,65,85,91
NodeId:76	0.288409959978,0.28855694502,9
NodeId:77	0.659133352573,0.659680638849,0,5,32,37,40,41,44,69,79,83,85,86,87
NodeId:78	1.46357229815,1.46520162573,13,19,34,82
NodeId:79	1.24292789818,1.24419054026,0,26,43,74,90
NodeId:8	0.586407688434,0.586802394473,13,41,59,87
NodeId:80	0.523533525422,0.523962649405,31,79
NodeId:81	2.08513819957,2.08738437184,5,21,26,78,93,96
NodeId:82	0.625645955282,0.62624857419,2,23,24,32,52,53
NodeId:83	0.811634978052,0.812324040035,1,4,10,18,27,29,70
NodeId:84	0.88336793317,0.884051936478,9,21
NodeId:85	1.38685566162,1.38818938612,32,54,57,64,69,90,99
NodeId:86	0.345554493282,0.34575480659,11,60,71,95
NodeId:87	1.70954874803,1.71125854506,8,19,20,27,30,47,54,63
NodeId:88	0.547303849737,0.547717812322,21,26,44,50,55,82
NodeId:89	0.60843135082,0.608884170207,16,32,35,38,40,57,58
NodeId:9	0.960100757266,0.960843744193,33,39,41,43,51,69,80
NodeId:90	0.83970307064,0.840336510953,1,26,52,93,96
NodeId:91	1.02102605246,1.02202778076,12,24,66,81,95
NodeId:92	1.14012981784,1.14122084186,22,34,39,57
NodeId:93	1.80122410748,1.80307805344,15,43,66,75
NodeId:94	0.967094584825,0.967990679679,4,17,20,90
NodeId:95	0.775120945865,0.775824738005,76,88
NodeId:96	1.25127080396,1.25246732188,12,13,24,31,60,74
NodeId:97	0.414161618135,0.414415205708,37,50,62,89
NodeId:98	1.01591864068,1.01676296342,5,13,15,28,49,66,92,94
NodeId:99	0.922322935773,0.92312780305,1,83
