i	30
NodeId:0	0.671828851353,0.671874365155,1,15,66,96
NodeId:1	0.192938689509,0.192941842533,37,72
NodeId:10	1.09427612575,1.0943477198,4,6,38,67,78,80
NodeId:11	0.567690592871,0.567721879335,6,28,40,49,51,67,89
NodeId:12	0.507214199594,0.507238305514,24,28,50,55,67,85,98
NodeId:13	0.810223904482,0.810276420554,25,32,33,35,76
NodeId:14	1.10912726585,1.1092021144,36,39,44,62,98
NodeId:15	0.303352392672,0.303361668905,47,70,79,95,97
NodeId:16	1.68306665934,1.68319641511,45,52,67,80
NodeId:17	0.223638382495,0.223643207459,18,39,41,53,63,72,79,99
NodeId:18	0.847051956561,0.847111102026,52,61,62,87
NodeId:19	1.57364290574,1.57376251943,27,33,37,45,92
NodeId:2	0.750751888549,0.750803349449,31,63
NodeId:20	1.35970758042,1.35980594457,7,94
NodeId:21	1.00868235204,1.00875862849
NodeId:22	2.55208227352,2.55220652164,25,65,72,83,97
NodeId:23	0.358095494278,0.358110191895,92,99
NodeId:24	0.494723776233,0.494749033566,9,10,18,38,55,93,94
NodeId:25	1.6546913468,1.6548154518,63
NodeId:26	0.721622100173,0.721658318456,15,23,28,64
NodeId:27	1.67430511212,1.6744354986,32,68,70,92
NodeId:28	1.09555737156,1.09563830424,21,25,72
NodeId:29	1.12563602482,1.12571402095,18,23,31,36,86
NodeId:3	0.362452709309,0.362467667233,30,42,45,86
NodeId:30	1.47991943743,1.48003339212,80,84,95
NodeId:31	0.572395810859,0.572429169623,29,36,46,49,54,62,70,85
NodeId:32	1.64167875726,1.64180608527,2,3,6,27,47,69,71,91
NodeId:33	1.41413931789,1.41424552863,2,56,58,86
NodeId:34	1.23842102219,1.23851971277,0,7,77,78
NodeId:35	0.240123478926,0.240131387452,12,18,62,64,65,66,83,91
NodeId:36	1.00515496064,1.00521762832,12,20,30,34,61,75,77,99
NodeId:37	1.22430631289,1.22439323671,40,59,71,97
NodeId:38	0.593114030023,0.593154731814,30,41,98
NodeId:39	1.18051983796,1.18060419727,31,43,68,71,92
NodeId:4	1.36073155223,1.36083028041,24,42,46,86
NodeId:40	0.606273804316,0.606310560866,7,71,72,73
NodeId:41	1.28966190423,1.28974654797,44,45,49,66
NodeId:42	0.15,0.15,36,45,70,89,99
NodeId:43	0.540615767379,0.540645377992,4,21,24,56,67,68,80,86,90
NodeId:44	1.56381268322,1.56393187067,17,37,38
NodeId:45	1.60906367517,1.60918219933,18,53,58,83,86,90
NodeId:46	0.756631016395,0.756681304369,78
NodeId:47	0.259117793792,0.259123385541,5,14,52,70,73
NodeId:48	0.556846052513,0.556880298142,18,39,61,79,89
NodeId:49	0.15,0.15,2,29,31,39,84
NodeId:5	1.34596068923,1.34605400147,2,9,24,50,61,81,98
NodeId:50	0.227275762208,0.227280915387,0,20,46,68
NodeId:51	1.48502774371,1.48512753385,38,45,61,71
NodeId:52	0.507679238211,0.507712471316,27,31,64,91
NodeId:53	0.760805667291,0.760850315039,2,13,65,78,95
NodeId:54	0.630233057661,0.63027251941,12,69,77
NodeId:55	0.785821371313,0.785866905918,10,19,22,25,51,58,62
NodeId:56	0.569549303425,0.569583708133,29,36,80,96,98
NodeId:57	0.317682889357,0.317697223693,86,94,96,98
NodeId:58	1.31779206807,1.31789082876,16,38,71,73,78
NodeId:59	0.451605860733,0.451630923303,10,24,69,92
NodeId:6	1.19903222224,1.19911714334,15,22,58,80
NodeId:60	0.399752925624,0.399771624855,14,49,53,56,65
NodeId:61	0.915854497597,0.915916886134,6,9,18,20,99
NodeId:62	0.270183610601,0.270191640166,11,22,33,91
NodeId:63	0.762592367396,0.762638553095,3,64,65,72
NodeId:64	2.59155183327,2.59176815388,3,27,28,31,33,39,78
NodeId:65	1.07381980643,1.07388416612,27,88
NodeId:66	1.34649909098,1.34658893267,8,19,72,81,83,98
NodeId:67	1.0303761357,1.03044855568,2,26,30,31,32,45
NodeId:68	0.909850045146,0.909914268871,1,6,19,28,40,81,85
NodeId:69	0.201060952366,0.201064322976,12,22,42,46,55,72,88
NodeId:7	1.1889786299,1.18906559785,12,21,38,57,93
NodeId:70	1.21257606408,1.21266925885,20,63,99
NodeId:71	1.243702834,1.24378435894,15,16,45,84,97
NodeId:72	0.904233219006,0.904296541861,10,49,51,92,93,95
NodeId:73	1.53942641653,1.53952371763,41,50,51,84,92
NodeId:74	0.499402524429,0.499428046806,35,54,84
NodeId:75	0.848159221821,0.848220978127,29,34,37,51,54,65,85,91
NodeId:76	0.287746991494,0.287757751826,9
NodeId:77	0.656669359183,0.656709368958,0,5,32,37,40,41,44,69,79,83,85,86,87
NodeId:78	1.45623263934,1.45635173591,13,19,34,82
NodeId:79	1.23723836667,1.23733069335,0,26,43,74,90
NodeId:8	0.584635012022,0.584663774276,13,41,59,87
NodeId:80	0.5215994377,0.52163081723,31,79
NodeId:81	2.07501229074,2.07517661558,5,21,26,78,93,96
NodeId:82	0.622924158345,0.62296831804,2,23,24,32,52,53
NodeId:83	0.808520727256,0.8085712286,1,4,10,18,27,29,70
NodeId:84	0.880295236343,0.88034509769,9,21
NodeId:85	1.38081996978,1.38091791235,32,54,57,64,69,90,99
NodeId:86	0.344655391247,0.344669980801,11,60,71,95
NodeId:87	1.70182931363,1.70195456225,8,19,20,27,30,47,54,63
NodeId:88	0.545445788364,0.545475968525,21,26,44,50,55,82
NodeId:89	0.606400770601,0.606433738191,16,32,35,38,40,57,58
NodeId:9	0.956729448398,0.956784133328,33,39,41,43,51,69,80
NodeId:90	0.836864013601,0.836910095475,1,26,52,93,96
NodeId:91	1.01650191093,1.01657531188,12,24,66,81,95
NodeId:92	1.13519652836,1.13527656672,22,34,39,57
NodeId:93	1.79284586532,1.79298179267,15,43,66,75
NodeId:94	0.963049064749,0.963114709782,4,17,20,90
NodeId:95	0.771929718911,0.771981518471,76,88
NodeId:96	1.24586922661,1.24595685673,12,13,24,31,60,74
NodeId:97	0.413014824734,0.413033429538,37,50,62,89
NodeId:98	1.01211917883,1.01218079915,5,13,15,28,49,66,92,94
NodeId:99	0.918713652603,0.918772234322,1,83
