0	0.683256552589,0.689901159466,1,15,66,96
1	0.194069657754,0.193204543824,37,72
10	1.11523169096,1.11462668982,4,6,38,67,78,80
11	0.576431076146,0.579637042647,6,28,40,49,51,67,89
12	0.514827542686,0.514805267072,24,28,50,55,67,85,98
13	0.826647903679,0.828967858876,25,32,33,35,76
14	1.13067583845,1.13215323187,36,39,44,62,98
15	0.30614527548,0.305703606328,47,70,79,95,97
16	1.72301072911,1.72897075716,45,52,67,80
17	0.22553660167,0.224545752485,18,39,41,53,63,72,79,99
18	0.865010127513,0.86329336727,52,61,62,87
19	1.60767462567,1.61846168964,27,33,37,45,92
2	0.766145074348,0.769799845711,31,63
20	1.38802702684,1.39557599634,7,94
21	1.03094941154,1.02860529673
22	2.59232324538,2.59305589187,25,65,72,83,97
23	0.36156165453,0.362733481662,92,99
24	0.501983326054,0.503850697335,9,10,18,38,55,93,94
25	1.69200317485,1.69629278314,63
26	0.731744037627,0.734801296377,15,23,28,64
27	1.71187608387,1.72153727729,32,68,70,92
28	1.11824020152,1.12803673656,21,25,72
29	1.14726645272,1.15198853279,18,23,31,36,86
3	0.367003167807,0.365801252017,30,42,45,86
30	1.51141874027,1.5199487071,80,84,95
31	0.581474562654,0.58410341721,29,36,46,49,54,62,70,85
32	1.67757347518,1.68554844004,2,3,6,27,47,69,71,91
33	1.44578018515,1.45171908931,2,56,58,86
34	1.26671409289,1.26901275568,0,7,77,78
35	0.242490615143,0.242215734462,12,18,62,64,65,66,83,91
36	1.02292344526,1.02656095814,12,20,30,34,61,75,77,99
37	1.25140146875,1.25260585241,40,59,71,97
38	0.606156617644,0.604906265363,30,41,98
39	1.20557795099,1.20862104392,31,43,68,71,92
4	1.38776601291,1.39598786343,24,42,46,86
40	0.61620731132,0.617279123571,7,71,72,73
41	1.31329565247,1.32104392663,44,45,49,66
42	0.15,0.15,36,45,70,89,99
43	0.548911706289,0.550332612235,4,21,24,56,67,68,80,86,90
44	1.59792090571,1.60996453286,17,37,38
45	1.64304587066,1.65041516236,18,53,58,83,86,90
46	0.771817427474,0.774776930736,78
47	0.2603249919,0.261064493015,5,14,52,70,73
48	0.566977236226,0.569922513833,18,39,61,79,89
49	0.15,0.15,2,29,31,39,84
5	1.3751403311,1.38065533761,2,9,24,50,61,81,98
50	0.228851138951,0.227124723867,0,20,46,68
51	1.51358611982,1.51851790465,38,45,61,71
52	0.517406285896,0.518503013811,27,31,64,91
53	0.772173106289,0.776416639018,2,13,65,78,95
54	0.64171051501,0.648084309445,12,69,77
55	0.799130968204,0.7975729329,10,19,22,25,51,58,62
56	0.579355979472,0.582426780379,29,36,80,96,98
57	0.321982726062,0.323167841475,86,94,96,98
58	1.3490835393,1.35221663276,16,38,71,73,78
59	0.459345416338,0.462869582308,10,24,69,92
6	1.22255828404,1.23470924239,15,22,58,80
60	0.404452661711,0.405234206888,14,49,53,56,65
61	0.932858002365,0.938353938444,6,9,18,20,99
62	0.272622249139,0.272771828007,11,22,33,91
63	0.774198191656,0.780671649129,3,64,65,72
64	2.65285151472,2.6603299831,3,27,28,31,33,39,78
65	1.09295471931,1.09673084798,27,88
66	1.37296463779,1.38026593881,8,19,72,81,83,98
67	1.05232181986,1.05376479475,2,26,30,31,32,45
68	0.927461700436,0.932998061455,1,6,19,28,40,81,85
69	0.201975857822,0.202024276225,12,22,42,46,55,72,88
7	1.21548393869,1.22583616996,12,21,38,57,93
70	1.24011828363,1.24263141517,20,63,99
71	1.26546381576,1.27273790995,15,16,45,84,97
72	0.921977753816,0.92921095141,10,49,51,92,93,95
73	1.56787271366,1.57057427311,41,50,51,84,92
74	0.506065578196,0.506984664436,35,54,84
75	0.865576739836,0.870499907228,29,34,37,51,54,65,85,91
76	0.290924536009,0.29150292953,9
77	0.670111824393,0.674006530359,0,5,32,37,40,41,44,69,79,83,85,86,87
78	1.48868715014,1.49867363149,13,19,34,82
79	1.26359128914,1.26663140109,0,26,43,74,90
8	0.592793069571,0.593822501648,13,41,59,87
80	0.531455776061,0.531785847501,31,79
81	2.12455512862,2.13531071918,5,21,26,78,93,96
82	0.636119151972,0.636578777099,2,23,24,32,52,53
83	0.823868586203,0.820111187716,1,4,10,18,27,29,70
84	0.894433395827,0.900756221111,9,21
85	1.40851446955,1.41632833227,32,54,57,64,69,90,99
86	0.349072341041,0.347952287463,11,60,71,95
87	1.73687316279,1.7498174249,8,19,20,27,30,47,54,63
88	0.555089113728,0.556596274949,21,26,44,50,55,82
89	0.616110610392,0.622066131401,16,32,35,38,40,57,58
9	0.974486060658,0.97747298867,33,39,41,43,51,69,80
90	0.850568949656,0.853461764211,1,26,52,93,96
91	1.0368041821,1.04531583406,12,24,66,81,95
92	1.15918765323,1.16442647716,22,34,39,57
93	1.83450306971,1.84083435223,15,43,66,75
94	0.983220837066,0.984753420615,4,17,20,90
95	0.786582823397,0.791736321689,76,88
96	1.27319209015,1.27420800441,12,13,24,31,60,74
97	0.418335057767,0.420579631828,37,50,62,89
98	1.02838835378,1.03760942981,5,13,15,28,49,66,92,94
99	0.935852516486,0.939952406087,1,83
i	7
