0	0.671630719853,0.671635562977,1,15,66,96
1	0.192924963745,0.192925299257,37,72
10	1.0939644619,1.0939720802,4,6,38,67,78,80
11	0.567554396165,0.567557725355,6,28,40,49,51,67,89
12	0.507109261404,0.507111826511,24,28,50,55,67,85,98
13	0.809995290873,0.810000879099,25,32,33,35,76
14	1.10880143411,1.10880939874,36,39,44,62,98
15	0.303312011241,0.303312998324,47,70,79,95,97
16	1.68250180453,1.68251561182,45,52,67,80
17	0.223617378434,0.223617891857,18,39,41,53,63,72,79,99
18	0.846794483839,0.846800777498,52,61,62,87
19	1.57312220174,1.57313492982,27,33,37,45,92
2	0.750527868222,0.75053334417,31,63
20	1.35927938009,1.35928984701,7,94
21	1.00835030442,1.00835842099
22	2.55154139503,2.55155461625,25,65,72,83,97
23	0.358031512414,0.358033076385,92,99
24	0.494613825622,0.494616513253,9,10,18,38,55,93,94
25	1.65415109113,1.65416429713,63
26	0.72146443421,0.721468288193,15,23,28,64
27	1.6737375121,1.6737513865,32,68,70,92
28	1.09520505418,1.09521366621,21,25,72
29	1.12529649092,1.12530479048,18,23,31,36,86
3	0.362387594307,0.362389185977,30,42,45,86
30	1.4794233685,1.4794354944,80,84,95
31	0.57225059308,0.572254142781,29,36,46,49,54,62,70,85
32	1.64112447144,1.64113802039,2,3,6,27,47,69,71,91
33	1.41367695981,1.41368826168,2,56,58,86
34	1.23799140116,1.23800190281,0,7,77,78
35	0.240089051444,0.240089892989,12,18,62,64,65,66,83,91
36	1.00488215475,1.00488882321,12,20,30,34,61,75,77,99
37	1.22392791506,1.22393716461,40,59,71,97
38	0.592936846526,0.592941177596,30,41,98
39	1.18015260402,1.18016158068,31,43,68,71,92
4	1.36030176731,1.36031227296,24,42,46,86
40	0.606113795207,0.606117706467,7,71,72,73
41	1.28929343216,1.28930243908,44,45,49,66
42	0.15,0.15,36,45,70,89,99
43	0.540486866072,0.540490016934,4,21,24,56,67,68,80,86,90
44	1.56329383442,1.56330651715,17,37,38
45	1.60854771437,1.60856032651,18,53,58,83,86,90
46	0.756412102122,0.756417453257,78
47	0.259093451687,0.259094046705,5,14,52,70,73
48	0.556696973914,0.556700617987,18,39,61,79,89
49	0.15,0.15,2,29,31,39,84
5	1.34555448103,1.34556441038,2,9,24,50,61,81,98
50	0.227253329376,0.227253877724,0,20,46,68
51	1.48459333589,1.48460395454,38,45,61,71
52	0.507534567512,0.507538103842,27,31,64,91
53	0.760611306233,0.760616057189,2,13,65,78,95
54	0.630061272223,0.630065471341,12,69,77
55	0.785623149498,0.785627994828,10,19,22,25,51,58,62
56	0.569399532306,0.56940319331,29,36,80,96,98
57	0.317620488953,0.317622014267,86,94,96,98
58	1.31736214163,1.31737265075,16,38,71,73,78
59	0.451496758024,0.451499424927,10,24,69,92
6	1.19866254254,1.19867157899,15,22,58,80
60	0.399671523878,0.39967351366,14,49,53,56,65
61	0.915582907141,0.915589545893,6,9,18,20,99
62	0.270148656188,0.270149510613,11,22,33,91
63	0.762391311186,0.762396225801,3,64,65,72
64	2.59061014382,2.59063316246,3,27,28,31,33,39,78
65	1.07353963502,1.07354648353,27,88
66	1.34610799066,1.34611755071,8,19,72,81,83,98
67	1.03006087614,1.03006858234,2,26,30,31,32,45
68	0.909570465391,0.909577299433,1,6,19,28,40,81,85
69	0.201046279377,0.201046638043,12,22,42,46,55,72,88
7	1.18860003977,1.18860929403,12,21,38,57,93
70	1.21217036723,1.21218028408,20,63,99
71	1.24334793859,1.24335661364,15,16,45,84,97
72	0.903957561121,0.903964299297,10,49,51,92,93,95
73	1.539002844,1.5390131978,41,50,51,84,92
74	0.499291420077,0.499294135908,35,54,84
75	0.847890383283,0.847896954766,29,34,37,51,54,65,85,91
76	0.287700149447,0.287701294453,9
77	0.65649518808,0.656499445514,0,5,32,37,40,41,44,69,79,83,85,86,87
78	1.45571418647,1.45572685952,13,19,34,82
79	1.236836449,1.23684627347,0,26,43,74,90
8	0.584509803892,0.584512864478,13,41,59,87
80	0.521462835882,0.521466174975,31,79
81	2.07429694942,2.07431443521,5,21,26,78,93,96
82	0.622731921765,0.622736620793,2,23,24,32,52,53
83	0.808300884401,0.808306258236,1,4,10,18,27,29,70
84	0.880078179227,0.880083484965,9,21
85	1.38039360461,1.38040402667,32,54,57,64,69,90,99
86	0.344591879837,0.344593432309,11,60,71,95
87	1.70128407967,1.70129740736,8,19,20,27,30,47,54,63
88	0.54531440766,0.545317619126,21,26,44,50,55,82
89	0.6062572555,0.606260763578,16,32,35,38,40,57,58
9	0.956491393188,0.956497212205,33,39,41,43,51,69,80
90	0.836663409342,0.836668312908,1,26,52,93,96
91	1.01618238089,1.01619019148,12,24,66,81,95
92	1.13484810423,1.1348566211,22,34,39,57
93	1.79225414459,1.7922686086,15,43,66,75
94	0.962763297887,0.962770283167,4,17,20,90
95	0.771704224168,0.771709736157,76,88
96	1.24548775421,1.24549707891,12,13,24,31,60,74
97	0.412933834034,0.412935813769,37,50,62,89
98	1.01185093256,1.01185748957,5,13,15,28,49,66,92,94
99	0.918458633796,0.918464867469,1,83
i	41
